  -0.06519    -0.00952     1.06201
  -0.01733     0.05762     0.99365
  -0.03003     0.05957     0.98730
  -0.03687     0.08057     0.97998
  -0.03979     0.08301     0.97363
  -0.03198     0.08301     0.98633
  -0.03687     0.08301     0.97363
  -0.04321     0.09180     0.95410
  -0.04272     0.08789     0.96240
  -0.03394     0.07959     0.96240
  -0.02417     0.04492     1.02441
  -0.01392     0.03223     1.01514
   0.00049     0.02441     0.84326
   0.00244    -0.01343     1.04053
   0.00586     0.01172     1.00781
   0.00293     0.01660     0.98438
  -0.00073     0.01270     0.97754
   0.00293     0.01270     0.99121
   0.00146     0.01270     0.98926
   0.00586     0.00586     0.99512
   0.00488     0.00391     1.00293
   0.00488     0.00586     0.99316
  -0.00024     0.01465     0.98926
   0.00488     0.00977     1.00098
   0.00781     0.00781     0.99121
   0.00781     0.00488     1.00293
   0.01270     0.00293     0.99414
   0.00586     0.00391     0.99463
   0.00342     0.00391     0.99170
   0.00586     0.00488     0.99219
   0.00586    -0.00024     0.99707
   0.00781     0.00146     0.99609
   0.00781     0.00293     0.99023
   0.01611     0.00586     1.00244
   0.00977     0.00293     0.99121
   0.00879     0.00244     0.99902
   0.00879    -0.00171     0.99316
   0.00488    -0.00220     0.98340
   0.00781     0.00488     0.98730
   0.00977     0.00879     0.99561
   0.01270     0.00049     0.99756
   0.01074     0.00684     0.98828
   0.00879     0.00293     0.99561
   0.00781     0.00488     1.00293
   0.00293     0.00586     0.99268
   0.00879     0.00488     0.98926
   0.01074     0.00146     0.99756
   0.01709     0.00879     0.99463
   0.00781     0.00000     0.99902
   0.01514    -0.00171     0.98828
   0.01123     0.00342     0.99023
   0.01074     0.00684     1.00488
  -0.00024     0.01318     1.00293
   0.00977    -0.00122     0.99902
   0.00684     0.00293     0.99561
   0.01172     0.00342     0.99316
   0.01367     0.00488     0.99170
   0.00049    -0.00024     0.97070
   0.00781     0.01562     0.99902
   0.00146    -0.00415     1.00293
   0.00000    -0.00220     0.99756
  -0.00122     0.03857     1.01416
   0.00049     0.03027     1.00684
   0.01611     0.01465     1.02148
  -0.03784     0.04248     0.96777
  -0.03784     0.03320     0.96143
  -0.01147     0.05566     1.01318
  -0.05493     0.07520     0.96143
   0.00488     0.07227     1.11865
  -0.11353     0.03223     1.02637
  -0.06714    -0.04370     1.02393
  -0.05151     0.08984     1.04785
  -0.01343     0.08594     1.10107
  -0.07495     0.04102     1.05664
  -0.07690     0.04199     1.10449
  -0.10571     0.00146     1.03125
  -0.08423    -0.00171     0.99951
  -0.12769     0.02539     1.08105
  -0.18726     0.00586     0.91406
  -0.14233    -0.00073     0.99414
  -0.16675    -0.01343     1.03174
  -0.02124    -0.07202     0.84229
  -0.26196     0.01172     0.97070
  -0.30981     0.00146     1.00391
  -0.28882    -0.02417     0.93750
  -0.34253    -0.00952     0.87207
  -0.39478    -0.01587     0.85840
  -0.46362     0.00488     0.81982
  -0.50952     0.02100     0.86719
  -0.51489     0.01172     0.85986
  -0.54126    -0.00269     0.89844
  -0.59741     0.01953     0.82422
  -0.59546     0.02344     0.74902
  -0.61548     0.00342     0.81104
  -0.56714    -0.00073     0.82324
  -0.62476     0.02051     0.67969
  -0.74292     0.06104     0.71045
  -0.67310     0.03125     0.80859
  -0.67407     0.02246     0.77686
  -0.67212     0.02832     0.71289
  -0.67749     0.00244     0.68115
  -0.72632     0.01367     0.58887
  -0.80200     0.04492     0.59473
  -0.78442     0.02734     0.62305
  -0.83032     0.06201     0.64941
  -0.87085     0.05811     0.63770
  -0.83862     0.04395     0.60059
  -0.82935     0.01367     0.55273
  -0.83862     0.00488     0.56250
  -0.91577     0.02637     0.46777
  -0.92847     0.05908     0.31738
  -0.97241     0.04541     0.32715
  -0.95679     0.05908     0.30615
  -0.99097     0.04053     0.30664
  -0.96509     0.04004     0.27930
  -0.93335     0.04102     0.17383
  -0.99634     0.06055     0.19043
  -0.97778     0.03955     0.19336
  -0.99976     0.03613     0.15723
  -1.10083     0.05859     0.11230
  -1.08960     0.06348     0.12012
  -1.00757     0.03760     0.03174
  -1.01831     0.03711     0.00293
  -1.10229     0.08105    -0.06030
  -1.03784     0.08008     0.03564
  -1.01343     0.05273     0.03125
  -0.98169     0.09619    -0.05933
  -0.98364     0.09473    -0.15015
  -1.00708     0.05811    -0.16284
  -1.01978     0.08203    -0.12573
  -1.00562     0.05762    -0.14136
  -0.96167     0.06445    -0.12866
  -0.98901     0.08496    -0.19214
  -0.95142     0.08301    -0.38159
  -0.94116     0.09521    -0.34741
  -0.95435     0.08105    -0.35376
  -0.97144     0.09277    -0.39233
  -1.02612     0.11133    -0.44800
  -1.00659     0.09814    -0.44312
  -0.93872     0.11133    -0.49780
  -0.85181     0.10352    -0.56323
  -0.85132     0.07422    -0.53540
  -0.85718     0.08496    -0.60962
  -0.81958     0.06494    -0.64185
  -0.74634     0.06006    -0.62622
  -0.65845     0.04102    -0.67261
  -0.62964     0.03613    -0.73999
  -0.60913     0.04688    -0.78882
  -0.58521     0.03857    -0.82446
  -0.53101     0.05273    -0.90405
  -0.48169     0.04883    -0.91138
  -0.42798     0.04443    -0.88940
  -0.35620     0.03809    -0.91772
  -0.26929     0.03955    -0.97876
  -0.19800     0.03223    -1.00659
  -0.12280     0.01172    -0.95386
  -0.07251     0.03027    -0.95776
  -0.01392     0.00586    -0.99927
  -0.00073     0.04248    -1.03687
   0.02344     0.01660    -1.02759
   0.05908     0.02637    -0.91675
   0.11865     0.00684    -0.93970
   0.18652     0.02539    -1.00073
   0.22021     0.01758    -1.00464
   0.21777     0.02246    -0.96509
   0.25391     0.02100    -0.89624
   0.31055     0.01465    -0.89722
   0.40527     0.02344    -0.88257
   0.49414     0.02734    -0.90308
   0.51562     0.03662    -0.89185
   0.50488     0.02930    -0.87427
   0.56152     0.03711    -0.77759
   0.58740     0.03955    -0.76929
   0.66895     0.04443    -0.68140
   0.68262     0.06104    -0.68433
   0.65625     0.08496    -0.69409
   0.75684     0.09473    -0.68433
   0.88037     0.04785    -0.62280
   0.87109     0.05664    -0.49292
   0.76855     0.04395    -0.38354
   0.79199     0.05078    -0.41284
   0.98389     0.04150    -0.39771
   1.12744     0.04102    -0.32056
   1.06543     0.05762    -0.33374
   0.94531     0.02002    -0.16089
   0.98926     0.00342    -0.06470
   1.08105     0.02051    -0.05835
   1.09375     0.01514    -0.08765
   1.04248     0.02832    -0.01782
   0.99902     0.04492    -0.01050
   0.82617     0.03711     0.01221
   0.94922     0.01660     0.08545
   1.08740    -0.01147     0.16309
   1.05713    -0.00220     0.28516
   1.00293     0.00146     0.20996
   0.93799     0.01270     0.09961
   0.93945     0.01660     0.18799
   0.91113    -0.01440     0.28711
   0.88428    -0.01685     0.47119
   1.01025     0.02002     0.23926
   0.99658     0.03760     0.25781
   0.87207     0.01855     0.33203
   0.89746    -0.00366     0.33350
   0.91895     0.00195     0.42578
   0.90869     0.03613     0.39453
   0.88770     0.04199     0.38232
   0.87549     0.02539     0.41406
   0.87695     0.00977     0.51953
   0.87500     0.01367     0.49805
   0.80859     0.03125     0.46484
   0.78711     0.02637     0.48926
   0.80322     0.02100     0.55176
   0.77441     0.03906     0.62207
   0.76562     0.03955     0.61621
   0.77588     0.02148     0.63867
   0.72461     0.01807     0.66504
   0.70166     0.00977     0.63916
   0.64893     0.02930     0.68359
   0.64746     0.04150     0.66504
   0.64795     0.02344     0.77686
   0.69092     0.03320     0.82031
   0.63037     0.05664     0.77979
   0.57715     0.04199     0.74902
   0.51855     0.04297     0.78320
   0.52539     0.03418     0.83057
   0.48828     0.03223     0.82324
   0.47754     0.05273     0.88330
   0.48047     0.05859     0.91406
   0.44141     0.05566     0.90820
   0.38867     0.03223     0.90723
   0.30811     0.03613     0.93457
   0.37402     0.03516     0.96826
   0.32373     0.05469     0.94141
   0.26807     0.04883     0.93359
   0.20996     0.03223     0.95312
   0.21484     0.02637     1.00293
   0.19727     0.03955     0.94482
   0.15625     0.06006     0.92285
   0.12598     0.06006     0.89160
   0.11328     0.04785     1.01025
   0.11523     0.04199     1.03809
   0.11230     0.05371     0.99756
   0.07715     0.04883     0.99023
   0.09766     0.06445     0.95752
   0.09814     0.04590     1.00391
   0.08838     0.05469     0.99023
   0.10596     0.03223     0.99365
   0.06445     0.04297     1.02783
   0.06250     0.02734     0.95996
   0.04883     0.04688     1.02637
   0.09473     0.04004     0.97510
   0.08740     0.07324     1.00391
   0.05762     0.05859     0.99463
   0.06543     0.01904     1.00684
   0.05811     0.02148     1.01123
   0.03467     0.04590     0.97510
   0.03271    -0.01538     0.98047
   0.10156     0.02539     0.99023
   0.00684     0.01660     1.02148
   0.00684     0.01367     1.02539
   0.00488     0.02148     0.92725
   0.03320     0.02344     0.93555
   0.03809     0.05176     0.94141
   0.03906     0.03955     0.95605
   0.06445     0.05176     0.99854
   0.08496     0.05566     0.99951
   0.03906     0.04785     1.00293
   0.06445     0.02637     1.05566
  -0.06128     0.03613     0.94922
   0.01270     0.06104     1.00928
  -0.02612     0.02930     1.03271
  -0.00757     0.02344     1.00781
  -0.01147     0.03418     0.98828
  -0.01782     0.03223     0.98828
  -0.00952     0.02490     1.00146
  -0.01392     0.03125     0.99561
  -0.01489     0.02832     0.98828
  -0.01196     0.02734     0.99414
  -0.00269     0.02148     0.99951
  -0.01050     0.01660     0.99414
  -0.01929     0.01465     0.99658
  -0.00659     0.03857     0.99365
  -0.00854     0.02637     0.98730
  -0.01489     0.02246     0.98535
  -0.00122     0.03027     0.99561
   0.00049     0.02148     1.00684
  -0.01782     0.03516     0.99072
  -0.01392     0.03223     0.99072
  -0.00757     0.03320     1.01221
  -0.02417     0.03809     0.97705
  -0.02515     0.03418     1.00000
  -0.01147     0.03418     0.99023
  -0.01978     0.04541     0.98389
  -0.00562     0.03516     0.99756
   0.00195     0.03711     1.02344
  -0.00220     0.02100     1.00195
   0.01025     0.14746     1.11670
   0.03027     0.10205     1.06885
  -0.00708     0.07959     1.08643
   0.02539     0.14502     1.01904
   0.00977     0.13672     1.02197
   0.04688     0.14111     1.00879
   0.04883     0.17188     1.03613
   0.05811     0.17920     1.05371
   0.12207     0.23975     1.04736
   0.09277     0.27246     0.95215
   0.09180     0.23779     0.99561
   0.10938     0.30957     0.97852
   0.12402     0.33154     0.96875
   0.09521     0.30664     0.99121
   0.06348     0.38574     0.95312
   0.07812     0.43896     0.89160
   0.02246     0.42480     0.86914
   0.04883     0.45752     0.87988
   0.04785     0.49365     0.85254
  -0.01050     0.50488     0.88232
   0.04150     0.52051     0.88037
  -0.02222     0.55518     0.76611
  -0.05347     0.57324     0.79346
  -0.03101     0.56934     0.72754
   0.07666     0.60449     0.76318
   0.01025     0.66113     0.73047
  -0.11304     0.64160     0.72314
  -0.14380     0.65674     0.75098
  -0.10181     0.67432     0.71631
  -0.05542     0.71191     0.67432
  -0.03882     0.68750     0.71973
  -0.11108     0.69531     0.63672
  -0.15503     0.70703     0.59668
  -0.17310     0.74609     0.58350
  -0.10278     0.78027     0.61621
  -0.04468     0.78711     0.58594
  -0.06714     0.80664     0.52588
  -0.10815     0.81152     0.50732
  -0.15112     0.85840     0.50098
  -0.08081     0.90430     0.47852
  -0.00659     0.89551     0.48145
  -0.00659     0.93115     0.41602
  -0.04956     0.92676     0.40332
  -0.08813     0.95020     0.37598
  -0.08179     0.96582     0.41309
  -0.04468     0.96484     0.40771
  -0.36157     0.87012     0.55420
  -0.07446     0.92383     0.21094
   0.37158     0.92871    -0.39526
  -0.00562     1.00195     0.57910
  -0.07642     1.01074     0.17285
   0.01611     1.01172     0.40137
  -0.08813     1.00928     0.18164
  -0.12183     0.99268     0.16309
  -0.14673     1.01318     0.12891
  -0.09839     1.11328     0.12109
  -0.04321     1.13672     0.14062
   0.07959     0.94678     0.07520
   0.05371     0.96191     0.11035
  -0.01196     1.03076     0.07812
   0.01270     0.99707     0.07178
  -0.02515     1.05420     0.06152
  -0.08374     1.05762    -0.00366
  -0.08618     1.01562    -0.01245
  -0.07104     0.96094    -0.03442
  -0.07495     0.97363    -0.06030
  -0.11353     1.01953    -0.08325
  -0.12573     1.03027    -0.11304
  -0.17065     1.01025    -0.15015
  -0.15942     0.99805    -0.17017
  -0.16333     0.92285    -0.21460
  -0.13940     0.93652    -0.23657
  -0.19604     0.94531    -0.30933
  -0.19800     0.95605    -0.36108
  -0.15991     0.87695    -0.36646
  -0.14233     0.86719    -0.37769
  -0.13062     0.88672    -0.40845
  -0.15112     0.88965    -0.42847
  -0.18726     0.88184    -0.49146
  -0.09741     0.80469    -0.44604
  -0.07788     0.94531    -0.46753
  -0.14331     0.89307    -0.54077
  -0.13940     0.84766    -0.54565
  -0.17749     0.83447    -0.61890
  -0.10083     0.87891    -0.60327
  -0.01636     0.78027    -0.54761
  -0.10522     0.74854    -0.63647
  -0.12085     0.74023    -0.68335
  -0.09644     0.79297    -0.72388
  -0.04956     0.67285    -0.69702
  -0.08179     0.67627    -0.73218
  -0.09009     0.74414    -0.78198
  -0.11304     0.65625    -0.79321
  -0.09888     0.62109    -0.80542
  -0.05151     0.62891    -0.78589
   0.02051     0.51270    -0.71851
  -0.09253     0.52246    -0.79077
  -0.17798     0.57129    -0.95679
  -0.07788     0.57568    -0.90405
  -0.08081     0.68164    -0.98706
  -0.09644     0.60010    -0.93433
  -0.10815     0.47363    -0.92163
  -0.07202     0.36816    -0.91577
  -0.02759     0.54297    -0.92603
   0.02979     0.42041    -0.89380
   0.02441     0.40625    -0.93335
  -0.00659     0.28711    -0.92993
   0.03174     0.22754    -0.96167
  -0.05054     0.26562    -1.00757
  -0.08179     0.15967    -0.99927
  -0.05249     0.16211    -0.99390
  -0.07153     0.08594    -0.94800
  -0.11108     0.10645    -1.01001
  -0.11206     0.06445    -1.06372
  -0.03491    -0.16528    -1.03589
   0.06445    -0.37524    -0.98267
  -0.03491    -0.33325    -0.95923
  -0.27905    -0.03345    -0.97729
  -0.20532     0.17285    -0.97876
   0.02930    -0.12134    -1.05054
  -0.08472    -0.26733    -1.02563
  -0.11646    -0.20044    -0.98901
  -0.55103    -0.00952    -1.18481
  -0.09497    -0.05444    -0.89917
  -0.12769     0.03027    -0.84253
   0.00098    -0.15454    -0.83374
  -0.03491    -0.24097    -0.93433
  -0.08862    -0.34448    -0.96216
  -0.19165    -0.37427    -0.99536
  -0.21265    -0.39771    -1.00269
  -0.17456    -0.38159    -1.01733
  -0.20630    -0.54565    -0.97144
  -0.15405    -0.62476    -0.94409
  -0.16577    -0.54663    -0.90601
  -0.12378    -0.41382    -0.85132
  -0.20142    -0.46753    -0.77710
  -0.12817    -0.52710    -0.66675
  -0.17261    -0.62671    -0.69067
  -0.06470    -0.73511    -0.53296
  -0.08911    -0.76929    -0.45825
  -0.16235    -0.78882    -0.41772
  -0.18140    -0.76831    -0.42651
  -0.02075    -0.86890    -0.24390
  -0.08569    -0.90796    -0.09644
  -0.10229    -0.92456    -0.11304
  -0.10132    -0.88550    -0.09985
  -0.12817    -0.92944     0.07080
  -0.04761    -0.97729     0.16309
  -0.01489    -0.89722     0.19629
  -0.02808    -0.79858     0.31250
  -0.10913    -0.82202     0.37891
  -0.13599    -0.88550     0.44336
  -0.09546    -0.73901     0.36523
  -0.03979    -0.74487     0.53418
  -0.08521    -0.58081     0.45898
  -0.16187    -0.59399     0.67871
  -0.13647    -0.61597     0.68164
  -0.16675    -0.62964     0.79688
  -0.15698    -0.57007     0.75391
  -0.10083    -0.48901     0.67383
  -0.03882    -0.44800     0.77588
  -0.07397    -0.44897     0.81250
  -0.07056    -0.42065     0.81055
  -0.08569    -0.41821     0.85547
  -0.09155    -0.40503     0.88232
  -0.05688    -0.37085     0.89209
  -0.06323    -0.37280     0.93164
  -0.08569    -0.38354     0.97070
  -0.04858    -0.33667     0.93750
  -0.02661    -0.28101     0.94141
  -0.03003    -0.27612     0.95410
   0.01611    -0.27515     0.96045
  -0.07104    -0.32007     0.96875
  -0.12183    -0.29321     0.94287
  -0.02954    -0.25806     0.94971
   0.03271    -0.22925     0.89307
   0.07568    -0.12573     0.78906
   0.09033    -0.10083     0.79150
   0.00488    -0.19849     0.92529
  -0.06519    -0.27515     1.01807
  -0.07690    -0.25806     1.00781
  -0.00366    -0.19507     0.99023
   0.07666    -0.16968     0.99219
   0.07520    -0.14233     0.99121
   0.01270    -0.15796     0.97900
  -0.04126    -0.18823     0.94336
  -0.07886    -0.18530     0.94873
  -0.04956    -0.15308     0.91504
  -0.02319    -0.10083     0.89209
  -0.02515    -0.09644     0.93066
  -0.03149    -0.11108     0.97461
  -0.01929    -0.12280     0.98828
  -0.02417    -0.06177     0.97656
  -0.03491    -0.02222     0.97803
  -0.00854    -0.04175     1.03906
   0.02637    -0.01050     1.14600
  -0.03882    -0.02808     1.12109
   0.00293     0.02539     1.06299
  -0.01880     0.05908     1.09375
  -0.02856     0.05078     1.11768
  -0.04810     0.04980     1.07812
  -0.04907     0.05713     1.08057
  -0.02319     0.10840     1.16211
  -0.05444     0.12354     1.11816
  -0.04175     0.13965     1.08594
  -0.03784     0.13867     1.06543
  -0.04956     0.15234     1.00000
  -0.06421     0.14160     1.01318
  -0.05786     0.11768     1.02783
  -0.07397     0.13086     1.00049
  -0.05054     0.14941     1.00293
  -0.03491     0.16064     0.95312
  -0.04956     0.17920     0.95898
  -0.05786     0.19043     0.98975
  -0.07788     0.19531     0.99756
  -0.04614     0.19141     1.02246
  -0.01050     0.19336     1.03809
   0.00488     0.21826     1.03955
  -0.01147     0.23047     1.01953
  -0.04224     0.20117     1.01465
  -0.04565     0.26074     0.98096
  -0.02026     0.20410     0.96484
  -0.00171     0.23242     0.97559
  -0.06909     0.17676     0.92139
  -0.09351     0.16797     0.89160
  -0.04419     0.16797     0.98096
  -0.07007     0.14453     0.98633
  -0.05347     0.13525     1.03076
  -0.04858     0.09668     1.05176
  -0.08911     0.09082     1.00537
  -0.04126     0.10303     1.02490
  -0.02368     0.11328     0.97412
   0.00293     0.10254     0.91797
   0.01953     0.09521     0.93750
   0.01172     0.10547     0.97363
   0.03271     0.08398     1.01025
   0.08301     0.08496     1.01611
   0.17529     0.12451     0.75781
  -0.13745     0.08154     0.91309
   0.02393     0.10547     0.99121
  -0.03979     0.08789     0.96338
   0.04736     0.08398     0.97363
   0.02490     0.05664     0.98291
   0.03467     0.07861     1.02979
   0.01855     0.09082     1.00293
   0.02344     0.11816     0.97070
   0.02881     0.05811     0.99219
   0.02246     0.05469     0.97656
   0.00879     0.15771     1.08887
   0.04834     0.12500     0.98486
   0.07275     0.04639     1.02979
   0.06641     0.28613     1.02002
   0.05322     0.08691     1.05859
   0.03711     0.02344     0.99170
   0.02539     0.05420     1.01514
   0.04102     0.02295     1.00488
   0.04346     0.02100     0.99658
   0.04102    -0.00464     0.99463
   0.00928     0.04004     0.98340
   0.02246    -0.00269     1.00586
   0.03271    -0.00854     0.99951
   0.02783    -0.01147     0.97803
   0.03906    -0.01880     0.99756
   0.03809     0.00049     1.00049
   0.03711    -0.00073     0.98438
   0.02686    -0.00562     0.99219
   0.01855    -0.00464     0.98730
   0.02441     0.00488     0.99854
   0.02881     0.00049     0.98975
   0.02979     0.00049     0.98145
   0.04199     0.01172     0.98828
   0.03809     0.00684     0.99219
   0.02637     0.00684     0.97705
  -0.03589     0.02637     1.18311
   0.02051     0.01807     1.14111
   0.02246     0.03955     0.96045
   0.05029     0.01904     1.00830
   0.02148    -0.01245     1.01953
   0.01904    -0.02905     0.96191
   0.05078    -0.02710     1.02539
   0.06104    -0.01978     1.00879
   0.00537     0.02002     0.86084
   0.06934    -0.00366     0.99365
   0.05273     0.01367     1.05713
   0.06445    -0.00757     0.94971
   0.13428    -0.03589     1.04248
   0.12109    -0.04126     1.09570
   0.07520    -0.03198     0.97168
   0.02441    -0.03638     0.88086
   0.02783    -0.04468     0.96680
   0.06445    -0.02808     1.00488
   0.06055    -0.01636     0.99902
   0.07812    -0.00122     1.00195
   0.06104    -0.01440     0.97363
   0.04980    -0.03003     0.97461
   0.05469    -0.03589     0.98535
   0.06543    -0.03003     0.97656
   0.07520    -0.04028     0.97656
   0.06543    -0.02319     0.99463
   0.05811    -0.01782     1.00879
   0.05176    -0.00513     0.95898
   0.05811    -0.00757     0.97070
   0.05811    -0.02417     0.97803
   0.05420    -0.02612     0.98926
   0.04883    -0.01636     0.97363
   0.05664    -0.01636     0.97363