102.0 1378.0 4253840.0 56.0 -24.0 992.0 394.0 -187.0 -357.0
104.0 1556.0 4254015.0 -8.0 -136.0 1108.0 387.0 -202.0 -343.0
105.0 1732.0 4254193.0 -4.0 -52.0 1016.0 388.0 -200.0 -342.0
102.0 1909.0 4254369.0 -4.0 -40.0 1004.0 388.0 -198.0 -342.0
103.0 2084.0 4254546.0 -16.0 -8.0 996.0 385.0 -232.0 -315.0
103.0 2260.0 4254723.0 -40.0 20.0 996.0 366.0 -260.0 -308.0
102.0 2437.0 4254898.0 -40.0 -8.0 1012.0 362.0 -266.0 -306.0
102.0 2614.0 4255075.0 -76.0 204.0 972.0 358.0 -275.0 -298.0
101.0 2791.0 4255251.0 -96.0 12.0 1184.0 317.0 -330.0 -264.0
102.0 2968.0 4255428.0 -60.0 152.0 1092.0 266.0 -363.0 -254.0
105.0 3146.0 4255606.0 -68.0 -64.0 1052.0 201.0 -383.0 -250.0
103.0 3323.0 4255783.0 -96.0 264.0 1112.0 254.0 -362.0 -258.0
103.0 3502.0 4255962.0 -88.0 556.0 1164.0 372.0 -225.0 -329.0
103.0 3676.0 4256139.0 0.0 52.0 1088.0 413.0 -146.0 -363.0
101.0 3851.0 4256314.0 152.0 132.0 936.0 430.0 14.0 -435.0
105.0 4026.0 4256489.0 172.0 -32.0 1052.0 435.0 15.0 -434.0
102.0 4200.0 4256664.0 148.0 16.0 952.0 408.0 91.0 -452.0
103.0 4375.0 4256838.0 148.0 144.0 816.0 307.0 253.0 -426.0
103.0 4550.0 4257013.0 116.0 72.0 916.0 204.0 328.0 -381.0
104.0 4725.0 4257188.0 84.0 100.0 1000.0 132.0 327.0 -377.0
104.0 4899.0 4257363.0 -8.0 88.0 1144.0 81.0 340.0 -369.0
101.0 5073.0 4257538.0 156.0 256.0 708.0 47.0 364.0 -337.0
101.0 5249.0 4257712.0 228.0 4.0 1088.0 -41.0 375.0 -314.0
103.0 5425.0 4257887.0 -40.0 128.0 952.0 -143.0 356.0 -271.0
102.0 5603.0 4258064.0 -48.0 -104.0 888.0 -156.0 362.0 -253.0
102.0 5780.0 4258241.0 -40.0 -112.0 824.0 -162.0 349.0 -259.0
102.0 5960.0 4258419.0 -140.0 -104.0 1020.0 -173.0 344.0 -255.0
102.0 6138.0 4258598.0 -32.0 -104.0 1024.0 -177.0 350.0 -246.0
102.0 6317.0 4258778.0 -88.0 -156.0 984.0 -156.0 362.0 -251.0
101.0 6496.0 4258956.0 -116.0 -116.0 1028.0 -153.0 366.0 -252.0
104.0 6676.0 4259135.0 -116.0 -116.0 1000.0 -139.0 369.0 -259.0
103.0 6853.0 4259315.0 -192.0 76.0 1004.0 -48.0 397.0 -283.0
103.0 7026.0 4259491.0 12.0 -72.0 212.0 19.0 381.0 -329.0
100.0 7204.0 4259665.0 468.0 -1312.0 720.0 191.0 251.0 -432.0
101.0 7379.0 4259844.0 116.0 132.0 976.0 307.0 188.0 -433.0
102.0 7557.0 4260019.0 116.0 192.0 1052.0 402.0 -50.0 -408.0
103.0 7734.0 4260196.0 108.0 144.0 1044.0 392.0 -128.0 -378.0
103.0 7910.0 4260373.0 4.0 136.0 1076.0 369.0 -205.0 -344.0
104.0 8087.0 4260549.0 60.0 -196.0 1116.0 337.0 -250.0 -327.0
103.0 8263.0 4260727.0 -4.0 40.0 1000.0 362.0 -216.0 -337.0
104.0 8437.0 4260902.0 36.0 52.0 988.0 367.0 -201.0 -345.0
104.0 8612.0 4261078.0 28.0 20.0 984.0 368.0 -200.0 -344.0
102.0 8787.0 4261252.0 24.0 40.0 1008.0 365.0 -212.0 -337.0
103.0 8968.0 4261428.0 -128.0 -564.0 1076.0 373.0 -182.0 -351.0
104.0 9144.0 4261607.0 -312.0 64.0 1080.0 372.0 198.0 -397.0
102.0 9321.0 4261784.0 -296.0 216.0 872.0 121.0 362.0 -344.0
102.0 9497.0 4261961.0 -556.0 264.0 1140.0 13.0 402.0 -290.0
101.0 9673.0 4262137.0 -288.0 -4.0 936.0 -26.0 376.0 -305.0
100.0 9849.0 4262313.0 -368.0 -40.0 976.0 -45.0 352.0 -324.0
102.0 10027.0 4262490.0 -352.0 176.0 836.0 -34.0 336.0 -338.0
101.0 10202.0 4262667.0 -368.0 640.0 1208.0 8.0 347.0 -348.0
103.0 10380.0 4262843.0 -232.0 224.0 1132.0 113.0 345.0 -363.0
103.0 10557.0 4263020.0 -112.0 -40.0 1064.0 431.0 90.0 -379.0
103.0 10735.0 4263197.0 -180.0 -244.0 880.0 438.0 -141.0 -312.0
101.0 10913.0 4263375.0 -236.0 64.0 1096.0 271.0 -341.0 -254.0
103.0 11090.0 4263554.0 -292.0 180.0 864.0 165.0 -388.0 -220.0
103.0 11268.0 4263732.0 -280.0 188.0 812.0 56.0 -406.0 -172.0
104.0 11444.0 4263908.0 -260.0 300.0 936.0 11.0 -395.0 -180.0
105.0 11622.0 4264085.0 -216.0 416.0 924.0 -14.0 -394.0 -175.0
104.0 11799.0 4264262.0 -244.0 444.0 932.0 -17.0 -389.0 -175.0
103.0 11977.0 4264440.0 -256.0 324.0 944.0 -20.0 -385.0 -178.0
104.0 12154.0 4264619.0 -212.0 324.0 916.0 -13.0 -390.0 -180.0
102.0 12333.0 4264796.0 -236.0 296.0 972.0 -10.0 -391.0 -178.0
102.0 12509.0 4264974.0 -268.0 340.0 908.0 69.0 -398.0 -204.0
102.0 12686.0 4265150.0 -912.0 -4.0 920.0 506.0 -157.0 -226.0
102.0 12862.0 4265327.0 -548.0 328.0 904.0 572.0 127.0 -157.0
103.0 13037.0 4265504.0 -252.0 4.0 992.0 458.0 277.0 -219.0
103.0 13216.0 4265678.0 -140.0 -104.0 1080.0 398.0 313.0 -247.0
102.0 13390.0 4265858.0 -160.0 8.0 992.0 366.0 332.0 -273.0
105.0 13565.0 4266032.0 -140.0 0.0 992.0 357.0 341.0 -277.0
102.0 13743.0 4266207.0 -424.0 420.0 1016.0 399.0 311.0 -266.0
103.0 13921.0 4266384.0 -536.0 312.0 760.0 469.0 -127.0 -272.0
102.0 14100.0 4266562.0 -308.0 -172.0 1052.0 363.0 -271.0 -251.0
103.0 14277.0 4266742.0 -68.0 -64.0 944.0 304.0 -323.0 -242.0
102.0 14454.0 4266918.0 -80.0 -60.0 1032.0 383.0 -254.0 -255.0
101.0 14632.0 4267097.0 -624.0 -280.0 856.0 540.0 -25.0 -259.0
103.0 14809.0 4267275.0 -640.0 632.0 836.0 349.0 329.0 -256.0
102.0 14986.0 4267451.0 -200.0 40.0 1016.0 307.0 351.0 -267.0
102.0 15161.0 4267628.0 -204.0 44.0 976.0 247.0 373.0 -284.0
102.0 15338.0 4267803.0 -144.0 -88.0 980.0 191.0 415.0 -258.0
104.0 15516.0 4267980.0 -276.0 -252.0 1112.0 112.0 461.0 -195.0
103.0 15693.0 4268158.0 -196.0 -352.0 992.0 31.0 475.0 -160.0
102.0 15870.0 4268336.0 -120.0 -404.0 832.0 -62.0 459.0 -149.0
103.0 16049.0 4268514.0 -176.0 -528.0 840.0 -80.0 448.0 -155.0
103.0 16228.0 4268691.0 -256.0 -412.0 1020.0 -90.0 444.0 -149.0
104.0 16405.0 4268870.0 -156.0 -504.0 892.0 -92.0 443.0 -149.0
103.0 16583.0 4269047.0 -232.0 -372.0 940.0 -96.0 448.0 -149.0
101.0 16760.0 4269225.0 -532.0 -80.0 1192.0 -74.0 461.0 -141.0
104.0 16937.0 4269404.0 -68.0 -548.0 708.0 238.0 515.0 -201.0
104.0 17114.0 4269580.0 16.0 -704.0 1088.0 462.0 253.0 -345.0
104.0 17292.0 4269757.0 220.0 -556.0 1044.0 477.0 -49.0 -317.0
104.0 17469.0 4269934.0 -52.0 436.0 1012.0 340.0 -339.0 -180.0
103.0 17646.0 4270112.0 -80.0 208.0 968.0 249.0 -385.0 -186.0
105.0 17823.0 4270289.0 -52.0 312.0 1036.0 209.0 -395.0 -196.0
104.0 18000.0 4270467.0 -48.0 356.0 984.0 208.0 -395.0 -197.0
102.0 18178.0 4270644.0 -44.0 240.0 1040.0 236.0 -386.0 -196.0
103.0 18356.0 4270821.0 -328.0 276.0 996.0 387.0 -286.0 -217.0
101.0 18533.0 4270999.0 -776.0 72.0 1248.0 369.0 373.0 -180.0
106.0 18709.0 4271176.0 -580.0 -332.0 904.0 82.0 477.0 -151.0
102.0 18887.0 4271352.0 -336.0 -216.0 1060.0 21.0 467.0 -164.0
102.0 19063.0 4271531.0 -308.0 -268.0 984.0 40.0 467.0 -173.0
103.0 19241.0 4271707.0 -272.0 -344.0 1052.0 74.0 463.0 -187.0
101.0 19418.0 4271885.0 -468.0 160.0 1040.0 82.0 462.0 -193.0
103.0 19595.0 4272062.0 -536.0 -32.0 980.0 507.0 117.0 -284.0
100.0 19773.0 4272238.0 -248.0 -144.0 784.0 448.0 -222.0 -277.0
101.0 19950.0 4272417.0 -64.0 88.0 1072.0 355.0 -296.0 -254.0
102.0 20127.0 4272593.0 -68.0 164.0 1016.0 341.0 -301.0 -257.0
101.0 20304.0 4272772.0 -44.0 152.0 976.0 334.0 -305.0 -257.0
101.0 20482.0 4272949.0 -44.0 152.0 1016.0 327.0 -309.0 -256.0
103.0 20659.0 4273126.0 -52.0 180.0 948.0 324.0 -311.0 -256.0
101.0 20835.0 4273303.0 -64.0 168.0 996.0 327.0 -309.0 -255.0
101.0 21013.0 4273479.0 -88.0 124.0 1040.0 329.0 -309.0 -258.0
102.0 21190.0 4273657.0 -64.0 164.0 992.0 350.0 -293.0 -263.0
102.0 21365.0 4273835.0 -96.0 28.0 956.0 409.0 -236.0 -281.0
104.0 27278.0 4279748.0 -164.0 -680.0 764.0 450.0 77.0 -195.0
102.0 27455.0 4279924.0 -188.0 -696.0 764.0 451.0 76.0 -193.0
105.0 27631.0 4280101.0 -188.0 -692.0 756.0 453.0 72.0 -194.0
105.0 27808.0 4280279.0 -188.0 -700.0 768.0 450.0 76.0 -197.0
101.0 27984.0 4280455.0 -156.0 -668.0 728.0 449.0 81.0 -196.0
104.0 28162.0 4280632.0 -184.0 -672.0 780.0 452.0 83.0 -195.0
102.0 28339.0 4280808.0 -108.0 -692.0 668.0 449.0 100.0 -194.0
102.0 28517.0 4280986.0 -316.0 -692.0 428.0 449.0 143.0 -184.0
101.0 28693.0 4281164.0 -340.0 -788.0 560.0 470.0 11.0 -161.0
101.0 28871.0 4281340.0 -524.0 -600.0 544.0 498.0 -61.0 -171.0
101.0 29048.0 4281519.0 -404.0 -508.0 876.0 534.0 -30.0 -220.0
103.0 29228.0 4281696.0 -352.0 -420.0 1044.0 520.0 -99.0 -258.0
101.0 29406.0 4281875.0 -272.0 124.0 1164.0 363.0 -387.0 -98.0
104.0 29583.0 4282053.0 -208.0 648.0 916.0 326.0 -404.0 -157.0
103.0 29760.0 4282230.0 -60.0 232.0 936.0 296.0 -401.0 -196.0
104.0 29936.0 4282407.0 -12.0 344.0 884.0 217.0 -444.0 -171.0
104.0 30113.0 4282584.0 132.0 452.0 896.0 101.0 -445.0 -167.0
104.0 30289.0 4282761.0 288.0 640.0 980.0 -12.0 -436.0 -143.0
104.0 30467.0 4282938.0 380.0 408.0 584.0 -159.0 -385.0 -89.0
102.0 30643.0 4283114.0 596.0 356.0 680.0 -341.0 -200.0 -62.0
103.0 30819.0 4283291.0 600.0 148.0 788.0 -394.0 -56.0 -63.0
102.0 30994.0 4283466.0 608.0 -448.0 672.0 -387.0 159.0 -7.0
102.0 31169.0 4283642.0 536.0 -508.0 632.0 -331.0 293.0 4.0
104.0 31345.0 4283816.0 392.0 -588.0 748.0 -305.0 329.0 -10.0
102.0 31522.0 4283994.0 328.0 -568.0 664.0 -317.0 317.0 -10.0
103.0 31699.0 4284171.0 124.0 -1032.0 832.0 -360.0 236.0 -23.0
104.0 31876.0 4284348.0 284.0 544.0 436.0 -250.0 -294.0 82.0
104.0 32050.0 4284524.0 220.0 1016.0 548.0 50.0 -446.0 57.0
101.0 32225.0 4284698.0 -12.0 620.0 520.0 218.0 -439.0 21.0
104.0 32399.0 4284873.0 24.0 424.0 732.0 303.0 -425.0 -31.0
103.0 32577.0 4285048.0 -328.0 272.0 968.0 463.0 -294.0 -170.0
101.0 32752.0 4285225.0 -336.0 8.0 936.0 533.0 -169.0 -203.0
100.0 32931.0 4285402.0 -208.0 308.0 1040.0 534.0 -144.0 -211.0
104.0 33110.0 4285580.0 -212.0 312.0 824.0 461.0 -292.0 -197.0
103.0 33287.0 4285758.0 -176.0 340.0 924.0 308.0 -398.0 -185.0
101.0 33463.0 4285936.0 -84.0 624.0 796.0 81.0 -449.0 -140.0
102.0 33638.0 4286111.0 244.0 576.0 764.0 -226.0 -331.0 -3.0
104.0 33814.0 4286287.0 656.0 124.0 640.0 -358.0 -134.0 32.0
104.0 33988.0 4286462.0 636.0 -152.0 744.0 -394.0 75.0 18.0
100.0 34164.0 4286638.0 604.0 -288.0 796.0 -384.0 143.0 12.0
103.0 34338.0 4286813.0 600.0 -320.0 624.0 -346.0 254.0 0.0
103.0 34514.0 4286988.0 332.0 -756.0 796.0 -280.0 354.0 -9.0
102.0 34691.0 4287163.0 280.0 -580.0 768.0 -204.0 423.0 -31.0
102.0 34868.0 4287340.0 192.0 -624.0 840.0 -170.0 446.0 -41.0
102.0 35044.0 4287517.0 172.0 -560.0 844.0 -132.0 465.0 -61.0
101.0 35221.0 4287693.0 108.0 -552.0 864.0 -107.0 473.0 -71.0
102.0 35397.0 4287870.0 128.0 -532.0 820.0 -113.0 474.0 -65.0
100.0 35573.0 4288047.0 44.0 -684.0 964.0 -128.0 465.0 -59.0
104.0 35746.0 4288223.0 648.0 -112.0 76.0 -258.0 382.0 0.0
102.0 35921.0 4288397.0 804.0 252.0 -44.0 -286.0 16.0 256.0
104.0 36098.0 4288571.0 412.0 684.0 244.0 -124.0 -356.0 142.0
102.0 36275.0 4288748.0 -52.0 836.0 1036.0 235.0 -436.0 -96.0
101.0 36453.0 4288924.0 -492.0 180.0 1104.0 519.0 -143.0 -182.0
103.0 36632.0 4289103.0 -476.0 -392.0 852.0 513.0 -116.0 -144.0
100.0 36811.0 4289283.0 -560.0 -456.0 980.0 505.0 -114.0 -106.0
101.0 36989.0 4289461.0 -620.0 -512.0 916.0 501.0 -117.0 -109.0
105.0 37168.0 4289640.0 -364.0 -432.0 924.0 475.0 -98.0 -235.0
102.0 37345.0 4289817.0 -148.0 -12.0 964.0 416.0 -161.0 -312.0
102.0 37523.0 4289995.0 -144.0 -76.0 808.0 292.0 -245.0 -342.0
102.0 37702.0 4290173.0 -252.0 -400.0 1000.0 368.0 -187.0 -324.0
102.0 37879.0 4290353.0 -212.0 -80.0 996.0 469.0 -84.0 -329.0
103.0 38056.0 4290530.0 -168.0 160.0 892.0 422.0 -119.0 -358.0
102.0 38236.0 4290707.0 -48.0 -460.0 1024.0 200.0 -294.0 -352.0
101.0 38413.0 4290886.0 148.0 -320.0 912.0 264.0 -239.0 -371.0
104.0 38588.0 4291064.0 80.0 -40.0 956.0 401.0 -80.0 -403.0
104.0 38763.0 4291238.0 128.0 112.0 1076.0 417.0 87.0 -392.0
104.0 38939.0 4291415.0 156.0 96.0 1004.0 346.0 236.0 -360.0
104.0 39113.0 4291590.0 172.0 76.0 960.0 316.0 263.0 -357.0
103.0 39290.0 4291765.0 188.0 112.0 1024.0 316.0 262.0 -361.0
102.0 39468.0 4291941.0 -100.0 -120.0 792.0 428.0 -63.0 -374.0
103.0 39648.0 4292119.0 -220.0 -324.0 1104.0 348.0 -223.0 -328.0
102.0 39826.0 4292299.0 -36.0 -204.0 776.0 280.0 -250.0 -339.0
104.0 40003.0 4292476.0 -80.0 -168.0 900.0 302.0 -242.0 -318.0
101.0 40183.0 4292655.0 -280.0 -292.0 1360.0 252.0 -185.0 -359.0
103.0 40361.0 4292835.0 -196.0 -288.0 1020.0 294.0 -79.0 -400.0
103.0 40540.0 4293013.0 -128.0 -572.0 840.0 306.0 -30.0 -407.0
103.0 40714.0 4293191.0 -88.0 -624.0 820.0 312.0 3.0 -412.0
102.0 40890.0 4293365.0 -68.0 -640.0 804.0 315.0 11.0 -414.0
102.0 41065.0 4293541.0 -84.0 -668.0 788.0 313.0 23.0 -414.0
102.0 41241.0 4293716.0 -60.0 -684.0 780.0 315.0 32.0 -413.0
101.0 41416.0 4293893.0 -52.0 -692.0 772.0 315.0 37.0 -414.0
103.0 41592.0 4294069.0 -48.0 -680.0 776.0 317.0 42.0 -414.0
102.0 41767.0 4294244.0 -76.0 -696.0 760.0 316.0 40.0 -415.0
102.0 41944.0 4294420.0 -44.0 -704.0 748.0 318.0 48.0 -413.0
104.0 42119.0 4294595.0 -40.0 -700.0 772.0 320.0 53.0 -415.0
102.0 42295.0 4294771.0 -52.0 -716.0 756.0 316.0 56.0 -412.0
103.0 42470.0 4294946.0 -52.0 -720.0 748.0 319.0 57.0 -413.0
102.0 42646.0 4295122.0 -28.0 -728.0 740.0 319.0 65.0 -411.0
101.0 42821.0 4295299.0 -36.0 -740.0 732.0 322.0 73.0 -412.0
103.0 42997.0 4295474.0 -32.0 -748.0 720.0 324.0 73.0 -413.0
100.0 43172.0 4295650.0 -28.0 -744.0 716.0 320.0 76.0 -414.0
102.0 43348.0 4295825.0 -24.0 -752.0 708.0 321.0 84.0 -413.0
102.0 43524.0 4296001.0 -20.0 -756.0 712.0 322.0 84.0 -414.0
102.0 43699.0 4296176.0 -8.0 -768.0 704.0 321.0 88.0 -410.0
101.0 43874.0 4296351.0 -12.0 -752.0 688.0 321.0 91.0 -410.0
102.0 44050.0 4296527.0 -12.0 -772.0 692.0 324.0 97.0 -409.0
100.0 44225.0 4296702.0 -16.0 -776.0 692.0 321.0 98.0 -407.0
101.0 44401.0 4296879.0 -8.0 -776.0 672.0 319.0 104.0 -409.0
101.0 44576.0 4297054.0 -8.0 -780.0 668.0 323.0 106.0 -407.0
102.0 44751.0 4297230.0 0.0 -784.0 668.0 320.0 112.0 -410.0
102.0 44925.0 4297404.0 0.0 -788.0 656.0 323.0 111.0 -409.0
103.0 45101.0 4297579.0 4.0 -792.0 644.0 321.0 115.0 -408.0
102.0 45275.0 4297754.0 8.0 -796.0 652.0 320.0 118.0 -405.0
103.0 45450.0 4297928.0 0.0 -808.0 644.0 320.0 120.0 -403.0
101.0 45624.0 4298103.0 8.0 -812.0 636.0 320.0 125.0 -407.0
102.0 45799.0 4298277.0 4.0 -812.0 632.0 324.0 129.0 -403.0
101.0 45974.0 4298452.0 20.0 -812.0 628.0 322.0 131.0 -403.0
102.0 46149.0 4298628.0 8.0 -816.0 620.0 324.0 132.0 -403.0
102.0 46323.0 4298803.0 8.0 -824.0 620.0 323.0 135.0 -402.0
103.0 46499.0 4298977.0 24.0 -820.0 620.0 324.0 136.0 -404.0
102.0 46673.0 4299153.0 8.0 -824.0 616.0 320.0 138.0 -404.0
103.0 46850.0 4299328.0 20.0 -832.0 616.0 319.0 142.0 -402.0
100.0 47025.0 4299503.0 24.0 -836.0 596.0 319.0 146.0 -403.0
102.0 47201.0 4299679.0 28.0 -832.0 608.0 322.0 149.0 -400.0