106,2860,4144634,28.00,40.00,1028.00,364.00,-24.00,-347.00
105,3034,4144809,36.00,68.00,1036.00,355.00,-36.00,-347.00
107,3209,4144985,84.00,72.00,1020.00,339.00,-53.00,-349.00
107,3382,4145159,92.00,8.00,1028.00,325.00,-61.00,-343.00
107,3558,4145333,108.00,-4.00,1024.00,316.00,-68.00,-343.00
106,3732,4145508,112.00,0.00,1004.00,295.00,-90.00,-341.00
102,3907,4145683,68.00,8.00,1016.00,285.00,-110.00,-342.00
106,4084,4145857,120.00,-32.00,1024.00,257.00,-129.00,-340.00
105,4262,4146035,112.00,-20.00,1028.00,244.00,-136.00,-343.00
105,4439,4146213,120.00,12.00,1016.00,211.00,-161.00,-344.00
104,4614,4146390,84.00,0.00,1024.00,204.00,-163.00,-342.00
104,4787,4146565,84.00,4.00,996.00,195.00,-179.00,-334.00
107,4962,4146738,0.00,108.00,944.00,173.00,-203.00,-330.00
103,5136,4146913,44.00,76.00,992.00,166.00,-199.00,-334.00
106,5311,4147087,24.00,0.00,1044.00,146.00,-207.00,-339.00
104,5487,4147262,100.00,-24.00,960.00,118.00,-225.00,-336.00
104,5661,4147438,92.00,80.00,992.00,91.00,-226.00,-341.00
104,5836,4147612,112.00,40.00,1024.00,80.00,-227.00,-342.00
106,6012,4147788,144.00,84.00,1016.00,50.00,-236.00,-339.00
101,6188,4147963,124.00,60.00,1020.00,29.00,-231.00,-344.00
103,6364,4148140,100.00,68.00,1076.00,-1.00,-229.00,-354.00
105,6539,4148315,76.00,40.00,1004.00,-26.00,-211.00,-365.00
104,6715,4148491,40.00,16.00,1036.00,-29.00,-205.00,-373.00
104,6889,4148666,36.00,8.00,1028.00,-40.00,-200.00,-372.00
103,7065,4148841,64.00,32.00,1008.00,-47.00,-203.00,-370.00
105,7240,4149017,36.00,56.00,1032.00,-61.00,-218.00,-354.00
104,7416,4149192,52.00,64.00,1028.00,-68.00,-209.00,-363.00
105,7591,4149368,52.00,12.00,1000.00,-99.00,-184.00,-363.00
106,7769,4149543,64.00,20.00,1020.00,-112.00,-176.00,-362.00
105,7944,4149721,56.00,0.00,1008.00,-123.00,-173.00,-361.00
105,8121,4149896,76.00,28.00,1040.00,-145.00,-158.00,-362.00
103,8298,4150073,60.00,-12.00,1008.00,-169.00,-139.00,-362.00
106,8477,4150251,112.00,-40.00,1020.00,-200.00,-106.00,-350.00
107,8653,4150429,208.00,4.00,1012.00,-228.00,-101.00,-333.00
105,8830,4150606,188.00,-24.00,988.00,-269.00,-60.00,-303.00
104,9007,4150784,276.00,-128.00,984.00,-298.00,-8.00,-277.00
105,9184,4150960,308.00,-176.00,952.00,-314.00,24.00,-260.00
104,9360,4151137,384.00,-196.00,960.00,-331.00,66.00,-236.00
105,9537,4151313,364.00,-172.00,940.00,-337.00,82.00,-225.00
105,9714,4151490,352.00,-220.00,928.00,-338.00,106.00,-214.00
106,9892,4151668,360.00,-308.00,848.00,-342.00,128.00,-205.00
104,10071,4151845,360.00,-336.00,876.00,-339.00,151.00,-198.00
105,10248,4152024,336.00,-432.00,920.00,-338.00,179.00,-181.00
104,10426,4152201,364.00,-424.00,792.00,-339.00,196.00,-162.00
106,10603,4152379,360.00,-448.00,840.00,-337.00,219.00,-150.00
105,10781,4152557,364.00,-520.00,820.00,-329.00,237.00,-144.00
105,10958,4152734,364.00,-520.00,776.00,-323.00,251.00,-127.00
105,11137,4152912,364.00,-536.00,716.00,-318.00,279.00,-105.00
107,11313,4153090,364.00,-640.00,668.00,-306.00,305.00,-71.00
107,11490,4153267,396.00,-620.00,704.00,-291.00,337.00,-44.00
106,11666,4153444,388.00,-656.00,684.00,-268.00,363.00,-26.00
107,11841,4153620,276.00,-736.00,716.00,-221.00,407.00,1.00
105,12016,4153795,284.00,-800.00,580.00,-188.00,427.00,24.00
106,12192,4153970,308.00,-796.00,512.00,-139.00,447.00,48.00
105,12367,4154146,280.00,-800.00,536.00,-104.00,460.00,64.00
106,12542,4154321,232.00,-900.00,464.00,-67.00,467.00,85.00
106,12718,4154497,208.00,-900.00,412.00,-27.00,472.00,102.00
107,12892,4154673,184.00,-912.00,448.00,5.00,469.00,111.00
104,13066,4154846,164.00,-948.00,340.00,46.00,470.00,127.00
106,13240,4155021,72.00,-984.00,324.00,84.00,464.00,136.00
107,13415,4155194,24.00,-1000.00,248.00,144.00,453.00,137.00
107,13591,4155370,-4.00,-1020.00,244.00,175.00,447.00,138.00
108,13766,4155545,-76.00,-996.00,280.00,247.00,430.00,115.00
108,13943,4155721,-120.00,-1040.00,220.00,307.00,414.00,69.00
108,14119,4155898,-108.00,-1016.00,300.00,327.00,408.00,47.00
106,14296,4156075,-140.00,-972.00,312.00,352.00,397.00,21.00
106,14472,4156251,-176.00,-1012.00,336.00,369.00,379.00,-4.00
106,14649,4156427,-176.00,-972.00,428.00,393.00,364.00,-45.00
104,14826,4156604,-260.00,-1032.00,304.00,407.00,345.00,-63.00
106,15004,4156782,-200.00,-996.00,352.00,420.00,319.00,-119.00
105,15182,4156959,-244.00,-956.00,344.00,423.00,305.00,-142.00
105,15360,4157137,-240.00,-960.00,384.00,423.00,303.00,-146.00
104,15539,4157315,-212.00,-1004.00,384.00,417.00,307.00,-157.00
103,15716,4157494,-200.00,-924.00,416.00,417.00,302.00,-161.00
105,15894,4157672,-204.00,-948.00,424.00,412.00,293.00,-191.00
107,16071,4157849,-208.00,-916.00,448.00,404.00,280.00,-212.00
105,16249,4158027,-144.00,-892.00,472.00,400.00,276.00,-227.00
104,16427,4158205,-136.00,-884.00,508.00,390.00,262.00,-249.00
106,16605,4158383,-148.00,-868.00,540.00,389.00,259.00,-254.00
106,16782,4158561,-104.00,-876.00,368.00,383.00,245.00,-266.00
106,16959,4158738,-96.00,-940.00,700.00,380.00,253.00,-266.00
104,17137,4158915,-132.00,-932.00,500.00,378.00,239.00,-275.00
106,17314,4159093,-124.00,-888.00,536.00,366.00,228.00,-289.00
106,17492,4159270,-100.00,-876.00,540.00,363.00,226.00,-302.00
103,17669,4159449,-96.00,-840.00,576.00,351.00,211.00,-311.00
106,17846,4159625,-88.00,-836.00,584.00,344.00,198.00,-320.00
106,18022,4159802,-28.00,-856.00,604.00,349.00,186.00,-325.00
104,18199,4159979,-92.00,-792.00,680.00,342.00,160.00,-334.00
107,18375,4160155,-72.00,-764.00,704.00,338.00,153.00,-339.00
106,18552,4160332,-80.00,-740.00,724.00,330.00,124.00,-347.00
108,18727,4160508,-64.00,-700.00,796.00,322.00,94.00,-359.00
106,18904,4160685,-40.00,-604.00,816.00,302.00,62.00,-373.00
106,19079,4160861,-84.00,-520.00,860.00,302.00,28.00,-370.00
107,19254,4161036,-80.00,-560.00,920.00,304.00,7.00,-364.00
105,19429,4161211,-60.00,-528.00,888.00,303.00,-3.00,-367.00
106,19605,4161386,-28.00,-536.00,892.00,290.00,-3.00,-370.00
105,19781,4161562,-16.00,-488.00,888.00,284.00,-17.00,-368.00
103,19958,4161739,-68.00,-496.00,896.00,281.00,-24.00,-373.00
105,20134,4161915,-60.00,-484.00,908.00,280.00,-33.00,-369.00
106,20312,4162093,-68.00,-440.00,960.00,283.00,-42.00,-364.00
105,20488,4162269,-96.00,-440.00,952.00,278.00,-40.00,-369.00
105,20665,4162446,-56.00,-484.00,896.00,263.00,-25.00,-380.00
105,20841,4162623,-56.00,-508.00,892.00,256.00,-16.00,-384.00
103,21017,4162799,-68.00,-532.00,896.00,257.00,-7.00,-387.00
104,21192,4162975,-56.00,-508.00,892.00,251.00,-9.00,-392.00
107,21368,4163150,-68.00,-516.00,920.00,250.00,-2.00,-394.00
107,21544,4163326,-72.00,-568.00,880.00,227.00,17.00,-404.00
104,21720,4163502,-64.00,-552.00,844.00,213.00,20.00,-410.00
106,21896,4163678,-64.00,-572.00,880.00,205.00,20.00,-416.00
105,22070,4163854,-80.00,-532.00,892.00,201.00,8.00,-420.00
106,22246,4164028,-116.00,-540.00,908.00,185.00,3.00,-424.00
105,22422,4164204,-80.00,-480.00,908.00,168.00,-11.00,-429.00
104,22598,4164380,-8.00,-448.00,948.00,128.00,-19.00,-435.00
108,22772,4164556,4.00,-436.00,944.00,112.00,-21.00,-434.00
