-1.55902051626 2.22745839557 -27.3752123899
-1.82691049031 3.18435283592 -22.2382207447
-3.28457702173 3.61208611862 -22.6789010795
-4.12769416296 2.15496250533 -22.772538013
-4.94936147796 1.12440614539 -23.4568514055
-5.53707714987 0.657931639923 -26.0577081929
-4.83544085689 0.572635386407 -28.9181067345
-5.59223104884 -0.389938550349 -32.7467263158
-5.8460999644 -0.681764312859 -36.2510132484
-6.20337285223 -0.138618997782 -42.1317129745
-5.59519084587 -0.0829345254842 -45.4505036445
-5.28970038381 0.0402319820442 -48.8359075863
-3.26055224383 2.53679686898 -53.0373562203
-2.96780558107 3.27737901705 -55.9346648591
-2.28695522251 1.92419144518 -58.0973815486
-3.711336336 0.621979077441 -63.0765476575
-4.34478196219 2.2168973375 -68.5569928284
-5.11821873123 2.2199830857 -72.6972947794
-6.3025935491 3.21695271786 -78.1721223856
-6.55120606448 3.26735548217 -82.4558398622
-6.03283374646 3.4055416154 -86.7177541924
-5.36539610431 2.96373713303 -90.9535884917
-4.09962763173 2.12962118622 -93.1448294627
-3.26425880716 1.45777445816 -95.3402319678
-3.40928469877 1.59884341387 -97.8013968012
-2.83998673407 2.20516560948 -99.3481150912
-2.86030355028 2.74759425767 -101.234567109
-2.90647821922 1.9364708973 -105.526310085
-3.18055239913 1.60947316496 -109.622763527
-3.18056605041 0.969445731975 -113.119692966
-3.58608211033 1.2006463243 -117.51407575
-3.51528629906 0.455404390599 -122.925417704
-4.61958566299 -0.624386031683 -131.425646571
-7.43511549359 -0.284205349659 -138.864301406
-8.75493949647 -0.712862305221 -147.25811184
-11.5090592614 -3.30844379411 -158.428185503
-13.9846219494 -5.97932819089 -167.54559774
-17.0327464532 -7.94016550039 -175.325792061
-18.5595842364 -8.64065638099 179.859481855
-19.2474865133 -10.1779652112 175.167714651
-20.2766786511 -13.4073038518 170.253551192
-20.5946890434 -15.8685484649 165.953166263
-19.6808261014 -19.1735371495 161.438909123
-20.6402633142 -21.7987492956 158.028129704
-20.6854189681 -23.5429627248 154.904719134
-20.6654068984 -26.2116548132 151.724165932
-20.9351473713 -28.2100788697 149.140017391
-21.4350409815 -30.3606521527 146.153918254
-21.537042117 -34.2625136153 143.242599139
-22.0987706791 -35.5929982025 139.390737984
-22.1834482039 -37.3179983994 134.897895771
-19.2541786235 -40.0485376753 129.934077721
-18.0425907632 -44.4620958748 124.687961259
-18.0952521056 -47.8888224686 115.259810304
-17.359228712 -49.8912669085 104.509201421
-15.5919203136 -54.0290095033 93.6959538229
-14.1391240703 -57.5487943862 75.0942467589
-12.5743341703 -59.3842680466 53.9052024951
-11.2712348347 -62.9481341146 22.0498715857
-8.32894334274 -66.4726095325 -2.8822697564
-5.53065673914 -70.4462213418 -19.6358673054
-3.19744271039 -73.091708849 -25.7230722084
-0.225726985611 -73.7519270148 -22.215883889
2.5016198276 -75.2964674775 -17.0169359924
3.84571942641 -74.2509301286 -9.1764869458
5.41263640087 -72.8744049232 -2.37206338541
7.03201094398 -71.5286824055 3.13217618901
8.00617786844 -68.703480822 10.2063188299
10.2965179719 -68.9786702648 12.7254833838
10.4662763027 -68.5399174637 16.5875271575
11.6595529942 -67.6422709114 19.9978216856
12.2250489632 -66.4857719925 22.1820582762
11.7900912131 -66.4585571337 23.590388023
11.5517356265 -65.3076065321 24.8926489112
11.3782502612 -64.632935657 26.7498623729
11.4423139902 -63.4630618419 28.7585399622
10.1429570607 -62.5907576941 30.1657971288
9.13607355881 -61.3124988634 31.7777586305
8.78339238688 -59.6726275676 32.974747438
7.82626508944 -62.2487440404 33.3883807335
6.46871348365 -58.2986035206 34.3432738545
6.72884648242 -59.3745919775 34.7879995747
6.76415029472 -58.9182909715 35.6448134102
6.28543482335 -58.5293491783 36.5618906429
5.93289190781 -57.2211148274 37.375188299
5.53715138979 -56.2506690956 37.9988268072
3.92007154029 -55.7035474586 38.069713764
4.37626111952 -53.0449790222 37.6890526876
4.21681291118 -50.7044733852 37.3107280982
4.30189211442 -48.605120483 36.477157454
3.9665924853 -45.6218981266 35.0843598328
3.30437958041 -42.0364008505 33.3711326842
3.90322386992 -37.698417044 29.1784365973
4.05239539819 -35.0190454623 24.9272039098
3.76456939461 -33.2898207734 21.7057908747
2.87407219555 -32.3746869293 20.2870137683
2.09889917518 -30.9660291708 17.9912673883
2.77866271346 -30.1428145744 16.030477851
3.00308175053 -29.2872035178 13.8453840851
3.28294270982 -27.3680318511 10.3152145452
4.06893873868 -26.2941693467 8.47699948395
3.70617412016 -27.0977629394 10.452419578
3.47441046627 -28.1004821951 13.0722881183
3.57970719301 -29.118782868 15.7254154934
3.39778519943 -29.3158791119 17.1450567071
3.51567720316 -29.2771755019 18.3242273991
3.68473087323 -30.6736965002 22.6258351107
3.66454437208 -31.6288426913 26.274026735
3.59390598799 -32.1655363884 29.0347337913
3.91895110779 -31.5838082025 29.1878107089
4.87015261464 -31.1664082175 29.2416550391
4.70744739063 -29.8234086777 28.3641002774
2.99441609968 -28.0251565876 29.0025471087
1.71120551142 -26.7444689294 30.1092902129
