119,1539,147269,-16.00,20.00,-1000.00,168.00,78.00,-83.00
119,1711,147442,-12.00,24.00,-988.00,169.00,78.00,-84.00
120,1884,147615,-84.00,36.00,-840.00,169.00,82.00,-86.00
120,2057,147787,-20.00,24.00,-1004.00,168.00,81.00,-84.00
120,2230,147961,-8.00,28.00,-1004.00,168.00,78.00,-87.00
120,2402,148133,-12.00,24.00,-992.00,167.00,82.00,-86.00
120,2573,148306,-8.00,28.00,-992.00,171.00,80.00,-89.00
117,2746,148477,-12.00,28.00,-988.00,169.00,80.00,-86.00
117,2918,148651,-12.00,28.00,-992.00,169.00,78.00,-86.00
119,3090,148823,-8.00,28.00,-996.00,168.00,80.00,-87.00
120,3261,148994,-8.00,20.00,-988.00,168.00,78.00,-86.00
120,3432,149166,-4.00,28.00,-996.00,170.00,79.00,-84.00
120,3604,149337,-8.00,24.00,-992.00,168.00,83.00,-85.00
118,3775,149509,-8.00,24.00,-992.00,167.00,82.00,-86.00
120,3947,149680,-4.00,20.00,-996.00,168.00,78.00,-84.00
119,4117,149852,0.00,24.00,-992.00,169.00,80.00,-82.00
119,4289,150022,-16.00,20.00,-988.00,169.00,79.00,-86.00
120,4461,150195,0.00,36.00,-1004.00,169.00,82.00,-85.00
121,4633,150366,-12.00,24.00,-992.00,169.00,80.00,-85.00
119,4806,150539,-12.00,28.00,-992.00,170.00,78.00,-87.00
120,4977,150711,-8.00,28.00,-992.00,172.00,81.00,-85.00
120,5149,150883,-8.00,32.00,-1004.00,170.00,78.00,-84.00
119,5321,151055,-8.00,36.00,-988.00,170.00,81.00,-86.00
120,5493,151227,-12.00,20.00,-992.00,167.00,80.00,-84.00
120,5665,151399,-4.00,32.00,-992.00,169.00,81.00,-87.00
120,5836,151571,-8.00,28.00,-988.00,169.00,79.00,-84.00
120,6008,151742,-8.00,24.00,-992.00,169.00,80.00,-85.00
121,6180,151914,-8.00,16.00,-1000.00,166.00,81.00,-86.00
121,6351,152086,-4.00,32.00,-988.00,171.00,80.00,-85.00
121,6524,152257,-16.00,24.00,-996.00,169.00,79.00,-83.00
119,6695,152430,-4.00,28.00,-996.00,168.00,83.00,-85.00
119,6868,152601,-12.00,24.00,-996.00,171.00,80.00,-83.00
120,7041,152774,-12.00,20.00,-988.00,171.00,81.00,-85.00
119,7213,152946,-12.00,24.00,-992.00,169.00,80.00,-84.00
120,7386,153119,-8.00,20.00,-1008.00,168.00,79.00,-87.00
119,7557,153291,-8.00,32.00,-996.00,168.00,81.00,-86.00
119,7729,153463,-4.00,28.00,-984.00,172.00,78.00,-86.00
119,7900,153634,-8.00,28.00,-988.00,171.00,81.00,-87.00
120,8074,153806,-16.00,28.00,-1000.00,171.00,80.00,-85.00
120,8245,153979,-8.00,12.00,-988.00,168.00,78.00,-85.00
120,8416,154151,-4.00,24.00,-996.00,171.00,80.00,-86.00
121,8589,154322,-16.00,28.00,-988.00,168.00,77.00,-84.00
120,8760,154496,-8.00,32.00,-996.00,169.00,79.00,-83.00
119,8932,154667,-4.00,32.00,-984.00,170.00,82.00,-87.00
121,9103,154839,-4.00,28.00,-992.00,168.00,81.00,-84.00
120,9274,155010,-8.00,24.00,-992.00,167.00,82.00,-84.00
120,9446,155182,-4.00,24.00,-992.00,168.00,82.00,-87.00
119,9618,155353,-12.00,20.00,-980.00,172.00,79.00,-86.00
120,9791,155526,-16.00,24.00,-996.00,170.00,79.00,-85.00
120,9964,155698,-12.00,24.00,-1000.00,170.00,77.00,-87.00
118,10136,155872,-20.00,24.00,-988.00,169.00,80.00,-86.00
119,10309,156044,-12.00,20.00,-984.00,168.00,80.00,-85.00
119,10482,156217,-16.00,16.00,-1004.00,168.00,80.00,-85.00
119,10655,156390,-12.00,24.00,-996.00,168.00,78.00,-86.00
117,10826,156563,-8.00,24.00,-988.00,171.00,77.00,-88.00
117,10998,156734,-8.00,20.00,-992.00,170.00,82.00,-84.00
117,11169,156905,-8.00,28.00,-992.00,168.00,78.00,-84.00
117,11340,157077,-8.00,36.00,-996.00,167.00,79.00,-86.00
117,11512,157248,-4.00,24.00,-984.00,171.00,80.00,-84.00
116,11684,157420,-12.00,28.00,-988.00,170.00,81.00,-86.00
116,11857,157592,-12.00,28.00,-992.00,168.00,83.00,-86.00
116,12029,157765,-4.00,32.00,-1000.00,167.00,78.00,-83.00
117,12203,157937,-12.00,28.00,-1000.00,169.00,82.00,-84.00
117,12375,158111,-8.00,24.00,-992.00,168.00,80.00,-87.00
117,12546,158282,-8.00,32.00,-996.00,168.00,80.00,-85.00
115,12718,158454,-8.00,24.00,-988.00,170.00,82.00,-87.00
115,12890,158625,-12.00,24.00,-992.00,171.00,79.00,-86.00
116,13062,158798,-12.00,20.00,-996.00,167.00,80.00,-84.00
117,13235,158970,-12.00,20.00,-988.00,170.00,80.00,-87.00
119,13407,159143,-16.00,32.00,-992.00,169.00,84.00,-86.00
120,13580,159315,-12.00,24.00,-984.00,167.00,81.00,-85.00
120,13753,159489,-12.00,28.00,-1000.00,168.00,78.00,-85.00
120,13925,159662,-4.00,20.00,-996.00,170.00,80.00,-86.00
121,14096,159834,-8.00,24.00,-988.00,167.00,78.00,-86.00
120,14268,160005,-16.00,28.00,-992.00,167.00,80.00,-86.00
120,14440,160178,-4.00,28.00,-984.00,171.00,80.00,-83.00
120,14612,160349,-16.00,32.00,-996.00,169.00,81.00,-85.00
121,14785,160522,-16.00,24.00,-992.00,170.00,81.00,-85.00
120,14957,160694,-12.00,28.00,-988.00,170.00,80.00,-85.00
120,15128,160867,-8.00,28.00,-992.00,169.00,82.00,-85.00
120,15301,161038,-12.00,28.00,-992.00,167.00,77.00,-88.00
120,15472,161211,-8.00,32.00,-992.00,169.00,79.00,-85.00
120,15645,161382,-12.00,24.00,-984.00,171.00,77.00,-85.00
119,15816,161554,-4.00,28.00,-996.00,172.00,80.00,-87.00
119,15987,161726,-4.00,20.00,-988.00,169.00,80.00,-87.00
121,16160,161897,-12.00,28.00,-996.00,171.00,79.00,-85.00
119,16331,162070,-4.00,24.00,-992.00,167.00,80.00,-86.00
119,16504,162241,-12.00,28.00,-988.00,169.00,79.00,-84.00
120,16675,162414,-8.00,28.00,-992.00,171.00,80.00,-84.00
120,16847,162585,-8.00,32.00,-988.00,169.00,82.00,-86.00
118,17019,162757,-8.00,28.00,-1000.00,168.00,78.00,-85.00
119,17190,162929,-4.00,28.00,-984.00,168.00,80.00,-84.00
118,17362,163101,-8.00,24.00,-988.00,168.00,80.00,-84.00
119,17533,163272,-8.00,28.00,-996.00,170.00,79.00,-84.00
119,17708,163444,-12.00,24.00,-1000.00,171.00,81.00,-85.00
119,17880,163617,-12.00,16.00,-984.00,167.00,79.00,-87.00
118,18051,163790,-4.00,24.00,-988.00,168.00,77.00,-82.00
119,18223,163961,-8.00,28.00,-992.00,171.00,79.00,-84.00
120,18395,164133,-12.00,24.00,-992.00,170.00,81.00,-83.00
119,18567,164305,-4.00,24.00,-992.00,169.00,81.00,-83.00
119,18738,164477,-8.00,24.00,-992.00,166.00,82.00,-87.00
119,18910,164648,-12.00,24.00,-992.00,167.00,80.00,-88.00
119,19082,164822,-8.00,24.00,-992.00,170.00,81.00,-83.00
119,19254,164993,-12.00,24.00,-988.00,169.00,80.00,-88.00
120,19427,165166,-16.00,28.00,-992.00,169.00,77.00,-82.00
118,19599,165338,-16.00,28.00,-996.00,171.00,81.00,-85.00
118,19771,165510,-4.00,24.00,-988.00,168.00,77.00,-84.00
118,19943,165682,-12.00,28.00,-992.00,169.00,80.00,-85.00
120,20114,165854,-8.00,24.00,-996.00,168.00,81.00,-86.00
119,20287,166026,-12.00,20.00,-992.00,170.00,77.00,-87.00
118,20459,166198,-12.00,32.00,-988.00,168.00,80.00,-86.00
119,20631,166371,-8.00,28.00,-988.00,168.00,80.00,-86.00
118,20802,166542,-4.00,28.00,-992.00,169.00,80.00,-84.00
119,20973,166714,-8.00,28.00,-996.00,168.00,78.00,-85.00
119,21145,166885,-4.00,24.00,-988.00,169.00,81.00,-86.00
119,21316,167057,-4.00,24.00,-992.00,169.00,78.00,-83.00
119,21489,167228,-12.00,28.00,-988.00,170.00,80.00,-86.00
120,43171,188915,-396.00,-972.00,-20.00,139.00,-27.00,-139.00
120,43348,189092,-408.00,-972.00,-12.00,136.00,-27.00,-140.00
120,43525,189268,-408.00,-972.00,-12.00,139.00,-26.00,-138.00
119,43700,189446,-400.00,-968.00,0.00,142.00,-27.00,-140.00
120,43874,189621,-404.00,-976.00,0.00,140.00,-27.00,-141.00
121,44049,189795,-408.00,-972.00,-8.00,139.00,-27.00,-142.00
121,44224,189971,-404.00,-976.00,0.00,144.00,-28.00,-140.00
120,44398,190145,-400.00,-976.00,4.00,139.00,-29.00,-139.00
120,44575,190320,-400.00,-976.00,-12.00,143.00,-25.00,-140.00
121,44749,190496,-400.00,-972.00,8.00,140.00,-28.00,-138.00
121,44924,190671,-400.00,-972.00,4.00,137.00,-28.00,-140.00
122,45100,190845,-396.00,-972.00,-8.00,140.00,-29.00,-141.00
122,45275,191022,-396.00,-976.00,8.00,140.00,-25.00,-138.00
120,45449,191196,-404.00,-976.00,4.00,141.00,-25.00,-136.00
121,45624,191371,-404.00,-976.00,8.00,140.00,-27.00,-140.00
120,45798,191545,-404.00,-968.00,4.00,141.00,-28.00,-139.00
121,45973,191720,-396.00,-968.00,-8.00,140.00,-24.00,-139.00
120,46148,191895,-400.00,-976.00,4.00,138.00,-28.00,-140.00
121,46322,192070,-400.00,-976.00,0.00,139.00,-27.00,-141.00
121,46497,192244,-400.00,-976.00,0.00,137.00,-24.00,-139.00
121,46671,192419,-408.00,-976.00,8.00,139.00,-25.00,-138.00
121,46846,192593,-408.00,-964.00,4.00,142.00,-29.00,-137.00
122,47021,192769,-400.00,-968.00,4.00,142.00,-26.00,-141.00
121,47196,192943,-404.00,-976.00,0.00,142.00,-29.00,-141.00
120,47370,193118,-400.00,-976.00,0.00,141.00,-26.00,-140.00
120,47545,193293,-404.00,-976.00,4.00,137.00,-27.00,-141.00
121,47719,193467,-396.00,-972.00,0.00,140.00,-25.00,-138.00
121,47894,193642,-404.00,-972.00,-4.00,141.00,-26.00,-140.00
120,48070,193817,-404.00,-964.00,-4.00,140.00,-25.00,-139.00
120,48244,193993,-400.00,-976.00,4.00,140.00,-27.00,-140.00
121,48419,194167,-396.00,-972.00,4.00,141.00,-27.00,-139.00
120,48593,194342,-408.00,-968.00,4.00,139.00,-26.00,-141.00
121,48770,194516,-400.00,-968.00,-8.00,142.00,-27.00,-138.00
120,48944,194693,-404.00,-968.00,8.00,139.00,-29.00,-140.00
120,49119,194867,-400.00,-972.00,0.00,141.00,-25.00,-141.00
121,49293,195042,-396.00,-968.00,0.00,139.00,-29.00,-138.00
121,49467,195216,-404.00,-976.00,4.00,140.00,-25.00,-140.00
121,49642,195391,-400.00,-968.00,0.00,140.00,-27.00,-138.00
122,49816,195565,-396.00,-972.00,0.00,140.00,-27.00,-140.00
121,49991,195740,-396.00,-976.00,4.00,141.00,-27.00,-137.00
122,50165,195914,-404.00,-976.00,4.00,141.00,-27.00,-138.00
121,50340,196089,-400.00,-976.00,8.00,139.00,-24.00,-138.00
121,50514,196263,-400.00,-972.00,4.00,140.00,-30.00,-139.00
120,50690,196439,-396.00,-972.00,4.00,141.00,-29.00,-135.00
120,50864,196613,-404.00,-972.00,4.00,139.00,-28.00,-142.00
121,51039,196788,-396.00,-976.00,4.00,142.00,-27.00,-140.00
120,51214,196962,-408.00,-972.00,-8.00,140.00,-25.00,-141.00
120,51389,197138,-396.00,-976.00,-4.00,142.00,-28.00,-140.00
120,51565,197314,-400.00,-980.00,-4.00,141.00,-30.00,-140.00
121,51740,197489,-400.00,-976.00,-4.00,142.00,-29.00,-140.00
122,51916,197665,-404.00,-968.00,-4.00,143.00,-27.00,-138.00
121,52091,197840,-400.00,-968.00,-4.00,140.00,-30.00,-137.00
121,52267,198017,-396.00,-976.00,8.00,141.00,-29.00,-143.00
121,52441,198191,-396.00,-968.00,4.00,138.00,-28.00,-140.00
120,52616,198366,-408.00,-976.00,4.00,140.00,-30.00,-137.00
122,52791,198540,-396.00,-972.00,-4.00,141.00,-30.00,-138.00
121,52967,198716,-400.00,-968.00,-4.00,142.00,-26.00,-140.00
121,53142,198891,-400.00,-968.00,-4.00,143.00,-30.00,-137.00
120,53316,199067,-412.00,-964.00,0.00,141.00,-27.00,-140.00
120,53492,199241,-400.00,-972.00,-4.00,142.00,-29.00,-139.00
121,53666,199417,-404.00,-976.00,0.00,140.00,-26.00,-140.00
121,53842,199591,-404.00,-972.00,-4.00,139.00,-27.00,-138.00
121,54017,199768,-396.00,-968.00,0.00,142.00,-28.00,-141.00
121,54192,199942,-400.00,-988.00,0.00,142.00,-28.00,-139.00
120,54366,200117,-400.00,-980.00,0.00,141.00,-31.00,-138.00
120,54541,200291,-400.00,-972.00,8.00,138.00,-28.00,-140.00
121,54716,200466,-404.00,-972.00,-4.00,140.00,-27.00,-139.00
121,54891,200642,-392.00,-980.00,0.00,141.00,-27.00,-140.00
121,55065,200816,-404.00,-968.00,4.00,142.00,-30.00,-141.00
121,55241,200991,-400.00,-980.00,-4.00,141.00,-25.00,-139.00
121,55415,201166,-396.00,-976.00,4.00,139.00,-29.00,-138.00
121,55590,201341,-408.00,-972.00,-4.00,141.00,-26.00,-141.00
121,55767,201517,-400.00,-984.00,-4.00,141.00,-27.00,-137.00
119,55941,201693,-408.00,-976.00,0.00,142.00,-25.00,-140.00
119,56116,201867,-408.00,-972.00,0.00,139.00,-26.00,-140.00
119,56290,202042,-388.00,-976.00,0.00,141.00,-26.00,-141.00
120,56465,202216,-404.00,-968.00,0.00,140.00,-29.00,-137.00
121,56639,202391,-404.00,-980.00,4.00,142.00,-29.00,-138.00
120,56814,202565,-404.00,-972.00,0.00,141.00,-31.00,-137.00
119,56988,202740,-400.00,-976.00,4.00,140.00,-24.00,-138.00
121,57162,202914,-400.00,-968.00,0.00,143.00,-27.00,-137.00
121,57337,203089,-396.00,-972.00,4.00,141.00,-26.00,-141.00
121,57512,203264,-400.00,-972.00,-4.00,139.00,-26.00,-141.00
120,57689,203440,-400.00,-972.00,-4.00,139.00,-26.00,-138.00
121,57864,203615,-404.00,-972.00,-4.00,140.00,-30.00,-140.00
120,58039,203791,-404.00,-976.00,0.00,139.00,-28.00,-139.00
120,58213,203965,-404.00,-968.00,8.00,139.00,-26.00,-141.00
120,58389,204140,-404.00,-972.00,-4.00,142.00,-29.00,-140.00
120,58563,204316,-392.00,-980.00,0.00,139.00,-29.00,-138.00
120,58739,204490,-404.00,-968.00,-4.00,140.00,-28.00,-139.00
121,58913,204666,-404.00,-968.00,0.00,140.00,-27.00,-138.00
121,59087,204840,-400.00,-968.00,4.00,140.00,-28.00,-138.00
120,59262,205016,-400.00,-976.00,4.00,143.00,-26.00,-139.00
122,59437,205190,-400.00,-972.00,4.00,140.00,-29.00,-140.00
121,59612,205365,-396.00,-980.00,0.00,139.00,-28.00,-138.00
121,59787,205539,-404.00,-972.00,-8.00,139.00,-26.00,-140.00
121,59962,205715,-400.00,-968.00,0.00,140.00,-26.00,-140.00
121,60136,205889,-392.00,-972.00,4.00,141.00,-25.00,-140.00
120,60313,206064,-396.00,-976.00,-12.00,140.00,-28.00,-142.00
120,60487,206240,-392.00,-980.00,0.00,139.00,-26.00,-140.00
120,60662,206415,-400.00,-972.00,4.00,141.00,-26.00,-141.00
120,60836,206589,-400.00,-976.00,0.00,141.00,-28.00,-139.00
120,61010,206765,-400.00,-972.00,8.00,142.00,-27.00,-142.00
122,61186,206939,-400.00,-980.00,0.00,140.00,-30.00,-138.00
121,61361,207114,-396.00,-972.00,-8.00,142.00,-27.00,-138.00
121,61536,207289,-400.00,-976.00,8.00,138.00,-25.00,-138.00
120,61710,207464,-400.00,-964.00,0.00,139.00,-26.00,-138.00
121,61885,207638,-400.00,-972.00,4.00,141.00,-28.00,-138.00
120,62059,207813,-392.00,-984.00,4.00,142.00,-29.00,-138.00
120,62234,207987,-408.00,-968.00,4.00,142.00,-23.00,-140.00
121,62408,208162,-404.00,-968.00,4.00,140.00,-28.00,-139.00
120,62584,208337,-400.00,-972.00,-4.00,138.00,-26.00,-140.00
120,62758,208513,-396.00,-972.00,0.00,138.00,-26.00,-139.00
121,62932,208688,-400.00,-968.00,0.00,142.00,-29.00,-141.00
121,63109,208862,-400.00,-960.00,-8.00,137.00,-29.00,-138.00
120,84968,230730,-1128.00,-196.00,32.00,48.00,-35.00,-128.00
119,85144,230906,-1068.00,-128.00,32.00,45.00,-37.00,-126.00
121,85319,231081,-1072.00,-128.00,28.00,48.00,-38.00,-126.00
121,85495,231258,-1060.00,-132.00,28.00,47.00,-37.00,-128.00
120,85670,231434,-1064.00,-132.00,24.00,47.00,-38.00,-129.00
120,85847,231609,-1060.00,-132.00,28.00,48.00,-37.00,-128.00
120,86022,231785,-1060.00,-128.00,20.00,46.00,-37.00,-127.00
120,86198,231960,-1060.00,-128.00,24.00,46.00,-36.00,-126.00
119,86373,232136,-1072.00,-164.00,16.00,45.00,-36.00,-128.00
119,86548,232311,-1064.00,-144.00,36.00,47.00,-37.00,-128.00
119,86724,232487,-1056.00,-132.00,32.00,46.00,-39.00,-124.00
121,86899,232663,-1052.00,-136.00,24.00,48.00,-38.00,-127.00
120,87075,232839,-1056.00,-132.00,32.00,47.00,-36.00,-126.00
118,87250,233014,-1056.00,-128.00,24.00,46.00,-36.00,-125.00
120,87427,233190,-1060.00,-128.00,28.00,48.00,-36.00,-126.00
119,87602,233365,-1060.00,-132.00,24.00,48.00,-36.00,-125.00
121,87778,233541,-1068.00,-128.00,28.00,45.00,-35.00,-125.00
120,87953,233716,-1068.00,-132.00,32.00,47.00,-39.00,-127.00
119,88129,233892,-1060.00,-136.00,28.00,46.00,-38.00,-126.00
119,88304,234068,-1060.00,-132.00,24.00,46.00,-38.00,-126.00
120,88480,234244,-1064.00,-128.00,20.00,46.00,-39.00,-124.00
121,88655,234420,-1056.00,-128.00,24.00,46.00,-37.00,-124.00
119,88832,234595,-1056.00,-124.00,32.00,48.00,-35.00,-127.00
120,89007,234771,-1056.00,-128.00,24.00,47.00,-34.00,-127.00
119,89182,234946,-1056.00,-128.00,24.00,49.00,-39.00,-125.00
120,89358,235122,-1060.00,-132.00,28.00,45.00,-39.00,-128.00
120,89533,235297,-1052.00,-132.00,24.00,44.00,-37.00,-126.00
119,89709,235473,-1064.00,-136.00,32.00,47.00,-37.00,-125.00
120,89884,235649,-1060.00,-132.00,28.00,45.00,-37.00,-126.00
121,90060,235825,-1060.00,-136.00,32.00,45.00,-36.00,-125.00
119,90235,236000,-1060.00,-124.00,32.00,47.00,-34.00,-126.00
120,90412,236176,-1064.00,-132.00,24.00,47.00,-39.00,-129.00
119,90587,236351,-1060.00,-132.00,24.00,46.00,-38.00,-123.00
120,90763,236527,-1064.00,-132.00,28.00,46.00,-38.00,-128.00
119,90938,236703,-1064.00,-140.00,28.00,47.00,-38.00,-126.00
121,91114,236878,-1072.00,-132.00,28.00,49.00,-36.00,-128.00
120,91289,237054,-1060.00,-124.00,32.00,45.00,-37.00,-125.00
121,91464,237230,-1052.00,-132.00,32.00,44.00,-35.00,-126.00
121,91640,237406,-1056.00,-128.00,40.00,44.00,-39.00,-128.00
120,91815,237581,-1064.00,-132.00,28.00,47.00,-40.00,-127.00
120,91992,237757,-1064.00,-128.00,24.00,45.00,-37.00,-127.00
121,92167,237932,-1072.00,-132.00,28.00,49.00,-37.00,-125.00
120,92343,238108,-1060.00,-132.00,28.00,45.00,-37.00,-127.00
119,92518,238283,-1060.00,-128.00,36.00,48.00,-39.00,-124.00
120,92694,238459,-1056.00,-132.00,32.00,47.00,-37.00,-127.00
119,92869,238635,-1056.00,-136.00,20.00,46.00,-38.00,-126.00
119,93045,238811,-1056.00,-132.00,32.00,47.00,-36.00,-125.00
121,93220,238986,-1056.00,-140.00,28.00,49.00,-38.00,-127.00
120,93396,239162,-1056.00,-128.00,36.00,45.00,-37.00,-128.00
120,93572,239337,-1056.00,-128.00,32.00,45.00,-37.00,-124.00
119,93747,239513,-1056.00,-128.00,32.00,48.00,-34.00,-126.00
119,93923,239689,-1056.00,-120.00,24.00,47.00,-38.00,-127.00
120,94098,239864,-1056.00,-128.00,28.00,45.00,-39.00,-127.00
120,94274,240040,-1056.00,-128.00,36.00,44.00,-35.00,-126.00
120,94449,240216,-1060.00,-132.00,36.00,45.00,-33.00,-122.00
120,94625,240392,-1056.00,-136.00,24.00,46.00,-37.00,-127.00
120,94800,240567,-1060.00,-132.00,40.00,47.00,-37.00,-126.00
119,94977,240743,-1064.00,-132.00,36.00,45.00,-37.00,-127.00
119,95152,240918,-1056.00,-128.00,32.00,46.00,-38.00,-126.00
120,95328,241094,-1060.00,-132.00,32.00,46.00,-37.00,-127.00
120,95503,241269,-1052.00,-132.00,32.00,46.00,-36.00,-128.00
119,95679,241445,-1064.00,-132.00,24.00,44.00,-37.00,-124.00
120,95854,241620,-1064.00,-128.00,28.00,49.00,-37.00,-126.00
121,96029,241797,-1068.00,-136.00,32.00,48.00,-36.00,-126.00
120,96205,241972,-1060.00,-132.00,32.00,46.00,-37.00,-128.00
121,96380,242148,-1056.00,-132.00,32.00,46.00,-35.00,-125.00
121,96557,242324,-1060.00,-132.00,40.00,48.00,-38.00,-127.00
120,96732,242499,-1072.00,-128.00,28.00,46.00,-37.00,-126.00
120,96908,242675,-1064.00,-132.00,32.00,47.00,-35.00,-126.00
120,97083,242850,-1060.00,-140.00,28.00,46.00,-37.00,-127.00
120,97259,243026,-1056.00,-132.00,28.00,48.00,-40.00,-128.00
120,97434,243202,-1060.00,-132.00,24.00,48.00,-38.00,-127.00
121,97610,243378,-1064.00,-132.00,32.00,46.00,-37.00,-127.00
121,97785,243553,-1064.00,-132.00,28.00,45.00,-39.00,-128.00
121,97961,243729,-1056.00,-132.00,32.00,46.00,-35.00,-124.00
120,98137,243904,-1056.00,-132.00,32.00,48.00,-38.00,-128.00
121,98312,244080,-1060.00,-132.00,36.00,48.00,-37.00,-126.00
120,98488,244255,-1068.00,-128.00,28.00,48.00,-37.00,-128.00
120,98663,244431,-1056.00,-128.00,32.00,46.00,-37.00,-127.00
120,98839,244606,-1060.00,-124.00,32.00,46.00,-38.00,-126.00
120,99014,244783,-1056.00,-124.00,28.00,46.00,-39.00,-128.00
120,99190,244959,-1068.00,-128.00,28.00,47.00,-36.00,-124.00
120,99365,245134,-1060.00,-132.00,40.00,45.00,-37.00,-127.00
120,99542,245310,-1064.00,-128.00,20.00,47.00,-40.00,-125.00
121,99717,245485,-1056.00,-124.00,36.00,47.00,-38.00,-129.00
120,99893,245661,-1064.00,-128.00,36.00,44.00,-37.00,-125.00
119,100068,245836,-1064.00,-132.00,32.00,49.00,-38.00,-127.00
119,100243,246012,-1068.00,-136.00,28.00,49.00,-38.00,-127.00
119,100419,246188,-1060.00,-124.00,32.00,46.00,-36.00,-128.00
120,100594,246364,-1052.00,-128.00,24.00,45.00,-38.00,-128.00
120,100770,246539,-1056.00,-128.00,32.00,44.00,-36.00,-124.00
120,100945,246715,-1064.00,-132.00,32.00,47.00,-36.00,-126.00
120,101122,246890,-1064.00,-132.00,20.00,46.00,-34.00,-127.00
121,101297,247066,-1056.00,-124.00,16.00,48.00,-35.00,-126.00
121,101473,247241,-1064.00,-128.00,28.00,48.00,-38.00,-126.00
119,101648,247417,-1064.00,-128.00,32.00,45.00,-39.00,-126.00
121,101824,247593,-1060.00,-132.00,28.00,47.00,-34.00,-126.00
120,101999,247769,-1068.00,-128.00,16.00,47.00,-36.00,-126.00
120,102175,247945,-1064.00,-136.00,24.00,46.00,-37.00,-123.00
119,102350,248120,-1064.00,-136.00,28.00,45.00,-38.00,-126.00
119,102525,248296,-1060.00,-132.00,32.00,46.00,-38.00,-127.00
120,102702,248471,-1060.00,-136.00,28.00,47.00,-40.00,-126.00
120,102877,248647,-1056.00,-132.00,32.00,45.00,-38.00,-126.00
121,103053,248822,-1064.00,-128.00,32.00,47.00,-38.00,-128.00
121,103228,248998,-1064.00,-132.00,36.00,48.00,-36.00,-124.00
120,103404,249174,-1064.00,-128.00,28.00,45.00,-38.00,-127.00
121,103579,249350,-1064.00,-132.00,32.00,45.00,-38.00,-127.00
119,103755,249525,-1064.00,-128.00,20.00,46.00,-39.00,-127.00
121,103930,249701,-1056.00,-132.00,36.00,47.00,-37.00,-127.00
120,104107,249876,-1056.00,-132.00,28.00,46.00,-39.00,-126.00
119,104282,250052,-1056.00,-128.00,24.00,48.00,-36.00,-127.00
114,104458,250227,-1064.00,-132.00,28.00,45.00,-37.00,-127.00
116,104633,250403,-1060.00,-148.00,24.00,44.00,-37.00,-127.00
113,104808,250579,-1056.00,-136.00,28.00,47.00,-39.00,-125.00
120,119752,265526,-1064.00,-264.00,-20.00,365.00,-430.00,-125.00
124,119932,265705,-1108.00,-256.00,-108.00,363.00,-420.00,-108.00
120,120111,265884,-1144.00,-224.00,-88.00,337.00,-378.00,-123.00
122,120291,266063,-1024.00,-100.00,-204.00,363.00,-312.00,-140.00
121,120467,266244,-668.00,28.00,-604.00,448.00,-209.00,-104.00
119,120644,266420,-452.00,152.00,-864.00,482.00,-143.00,-39.00
123,120818,266597,-368.00,20.00,-912.00,489.00,-102.00,-5.00
121,120991,266771,-316.00,76.00,-956.00,506.00,-23.00,21.00
122,121164,266945,-128.00,-4.00,-996.00,500.00,46.00,56.00
122,121337,267117,64.00,-132.00,-840.00,406.00,286.00,94.00
123,121511,267291,-48.00,116.00,-896.00,399.00,303.00,76.00
122,121686,267464,120.00,16.00,-1008.00,235.00,403.00,138.00
123,121860,267639,-24.00,212.00,-944.00,69.00,404.00,195.00
122,122035,267812,-384.00,20.00,-860.00,-112.00,309.00,244.00
121,122211,267988,-240.00,12.00,-868.00,-203.00,179.00,259.00
121,122389,268164,-388.00,-408.00,-960.00,-191.00,-114.00,260.00
121,122568,268343,-264.00,-284.00,-1008.00,-40.00,-274.00,234.00
122,122744,268521,-300.00,-156.00,-936.00,64.00,-332.00,193.00
121,122921,268698,-668.00,212.00,-724.00,274.00,-345.00,113.00
121,123098,268875,-568.00,-108.00,-832.00,375.00,-305.00,61.00
122,123275,269051,-552.00,-176.00,-848.00,420.00,-291.00,-20.00
124,123454,269230,-792.00,-220.00,-588.00,513.00,-151.00,-145.00
121,123633,269408,-876.00,-300.00,-432.00,441.00,-247.00,-188.00
123,123809,269587,-988.00,-40.00,-84.00,335.00,-272.00,-304.00
121,123986,269763,-1032.00,-4.00,136.00,284.00,-274.00,-347.00
120,124164,269940,-1012.00,-44.00,208.00,262.00,-234.00,-392.00
123,124343,270118,-1232.00,-332.00,396.00,233.00,-219.00,-421.00
122,124520,270297,-904.00,-256.00,436.00,180.00,-199.00,-452.00
121,124696,270475,-1040.00,24.00,376.00,112.00,-221.00,-452.00
122,124873,270651,-552.00,-232.00,952.00,36.00,-268.00,-438.00
121,125050,270828,-432.00,-148.00,968.00,-26.00,-314.00,-393.00
121,125230,271005,-220.00,-168.00,1028.00,-55.00,-351.00,-356.00
124,125407,271184,40.00,-272.00,1044.00,-146.00,-366.00,-282.00
122,125585,271362,208.00,-760.00,936.00,-218.00,-138.00,-408.00
123,125760,271540,-8.00,-776.00,524.00,-169.00,164.00,-449.00
122,125938,271716,-452.00,-1084.00,344.00,-66.00,359.00,-391.00
122,126114,271893,-884.00,-644.00,-64.00,105.00,443.00,-318.00
120,126294,272070,-1056.00,-264.00,-140.00,283.00,439.00,-214.00
120,126470,272248,-1052.00,212.00,-92.00,417.00,328.00,-193.00
122,126647,272425,-928.00,440.00,-112.00,479.00,235.00,-186.00
123,126823,272602,-688.00,760.00,-140.00,519.00,117.00,-112.00
122,126998,272779,-300.00,676.00,-652.00,517.00,97.00,-33.00
123,127169,272953,48.00,572.00,-840.00,501.00,90.00,97.00
124,127343,273125,52.00,560.00,-872.00,504.00,107.00,133.00
122,127517,273298,60.00,-148.00,-1056.00,539.00,123.00,92.00
121,127694,273473,-388.00,-608.00,-904.00,576.00,110.00,-44.00
121,127873,273650,-872.00,-664.00,-464.00,510.00,-112.00,-212.00
122,128052,273828,-1040.00,-292.00,-28.00,332.00,-296.00,-196.00
121,128228,274008,-1064.00,-64.00,52.00,220.00,-359.00,-144.00
123,128401,274184,-848.00,448.00,8.00,-8.00,-378.00,-94.00
123,128577,274357,-448.00,880.00,208.00,-161.00,-316.00,-95.00
120,128755,274533,-176.00,900.00,228.00,-243.00,-255.00,-100.00
121,128931,274711,-124.00,716.00,344.00,-294.00,-208.00,-95.00
123,129106,274887,168.00,768.00,940.00,-398.00,-102.00,-81.00
121,129283,275063,272.00,552.00,1140.00,-441.00,23.00,-114.00
121,129458,275239,152.00,612.00,1040.00,-368.00,11.00,-269.00
123,129635,275415,-308.00,756.00,732.00,-136.00,-78.00,-437.00
123,129810,275592,-560.00,764.00,560.00,22.00,-121.00,-466.00
121,129986,275767,-604.00,844.00,20.00,215.00,-161.00,-429.00
121,130162,275943,-224.00,976.00,-48.00,287.00,-214.00,-371.00
122,130338,276119,48.00,988.00,-280.00,315.00,-297.00,-257.00
121,130513,276295,68.00,928.00,-408.00,351.00,-309.00,-139.00
124,130690,276470,164.00,772.00,-584.00,351.00,-299.00,-47.00
121,130864,276646,196.00,444.00,-848.00,354.00,-237.00,60.00
122,131040,276820,244.00,196.00,-884.00,381.00,-141.00,109.00
122,131214,276997,352.00,204.00,-940.00,379.00,-38.00,146.00
122,131390,277171,456.00,-112.00,-1024.00,370.00,28.00,171.00
122,131562,277347,428.00,24.00,-828.00,338.00,93.00,214.00
120,131736,277519,396.00,196.00,-760.00,311.00,150.00,232.00
121,131911,277694,276.00,584.00,-752.00,240.00,241.00,271.00
121,132083,277868,96.00,512.00,-888.00,97.00,340.00,303.00
124,132258,278041,32.00,360.00,-1064.00,-52.00,354.00,313.00
120,132432,278216,56.00,260.00,-992.00,-220.00,306.00,292.00
121,132610,278390,-56.00,168.00,-1160.00,-277.00,231.00,291.00
121,132785,278567,-88.00,28.00,-1084.00,-315.00,176.00,266.00
121,132960,278743,-136.00,0.00,-956.00,-338.00,110.00,244.00
120,133136,278918,216.00,-36.00,-980.00,-347.00,-134.00,149.00
120,133312,279094,96.00,128.00,-904.00,-271.00,-263.00,138.00
122,133488,279270,392.00,336.00,-1044.00,-90.00,-404.00,114.00
122,133662,279446,124.00,-92.00,-948.00,67.00,-402.00,178.00
120,133837,279621,152.00,104.00,-944.00,87.00,-396.00,185.00
121,134010,279795,0.00,112.00,-908.00,148.00,-395.00,165.00
123,134188,279969,80.00,-156.00,-1016.00,266.00,-341.00,167.00
122,134364,280145,-144.00,-68.00,-824.00,365.00,-289.00,116.00
120,134541,280323,-924.00,-664.00,-472.00,449.00,-266.00,19.00
121,134718,280499,-696.00,-188.00,-180.00,470.00,-341.00,-96.00
123,134897,280677,-1068.00,-372.00,248.00,520.00,-381.00,-254.00
120,135075,280856,-1056.00,-292.00,536.00,472.00,-383.00,-373.00
121,135254,281034,-708.00,-352.00,804.00,298.00,-234.00,-555.00
122,135430,281212,-412.00,-556.00,704.00,307.00,-96.00,-587.00
120,135607,281389,-564.00,-1312.00,864.00,298.00,22.00,-590.00
123,135783,281566,-396.00,-896.00,496.00,378.00,156.00,-535.00
120,135959,281742,-40.00,-1216.00,76.00,405.00,370.00,-387.00
121,136133,281918,44.00,-920.00,-436.00,167.00,561.00,-96.00
122,136308,282093,452.00,-148.00,-784.00,120.00,519.00,70.00
123,136481,282267,88.00,120.00,-864.00,-88.00,385.00,211.00
121,136657,282441,-28.00,192.00,-784.00,-172.00,220.00,279.00
122,136832,282616,-368.00,52.00,-844.00,-197.00,64.00,307.00
120,137008,282791,-512.00,148.00,-788.00,-191.00,-23.00,320.00
122,137184,282968,-752.00,76.00,-604.00,-99.00,-115.00,386.00
121,137360,283144,-800.00,-184.00,-560.00,43.00,-204.00,447.00
120,137538,283320,-1060.00,132.00,-316.00,333.00,-449.00,277.00
122,137714,283498,-628.00,412.00,264.00,415.00,-488.00,-124.00
121,137892,283674,-808.00,-168.00,356.00,508.00,-340.00,-228.00
120,138070,283852,-764.00,-240.00,808.00,540.00,-201.00,-257.00
124,138248,284029,-732.00,-276.00,928.00,487.00,-202.00,-318.00
122,138423,284208,-20.00,-56.00,900.00,193.00,-366.00,-366.00
120,138601,284384,424.00,-56.00,1048.00,-199.00,-121.00,-435.00
118,138779,284561,484.00,-284.00,1080.00,-175.00,-237.00,-409.00
122,138957,284740,644.00,-144.00,864.00,-368.00,-293.00,-196.00
121,139133,284917,856.00,-400.00,276.00,-434.00,-234.00,-36.00
120,139311,285094,764.00,-368.00,-64.00,-296.00,-267.00,132.00
121,139488,285271,588.00,-248.00,-548.00,-169.00,-305.00,156.00
122,139663,285449,64.00,-64.00,-536.00,-192.00,-310.00,90.00
122,145561,291348,-1068.00,-108.00,80.00,527.00,168.00,250.00
122,145735,291524,-1056.00,-92.00,72.00,526.00,160.00,254.00
122,145909,291698,-1060.00,-92.00,64.00,525.00,158.00,253.00
122,146084,291873,-1076.00,-92.00,64.00,523.00,154.00,257.00
121,146258,292047,-1064.00,-84.00,64.00,522.00,154.00,257.00
122,146434,292222,-1080.00,-96.00,64.00,524.00,156.00,256.00
121,146608,292397,-1072.00,-84.00,52.00,522.00,150.00,259.00
121,146783,292572,-1060.00,-88.00,60.00,521.00,157.00,254.00
122,146958,292746,-1060.00,-104.00,68.00,526.00,160.00,251.00
122,147134,292922,-1068.00,-104.00,76.00,528.00,160.00,248.00
122,147309,293097,-1060.00,-104.00,76.00,528.00,161.00,248.00
121,147484,293273,-1064.00,-100.00,76.00,530.00,157.00,249.00
122,147660,293448,-1060.00,-104.00,76.00,530.00,156.00,248.00
121,147835,293624,-1064.00,-112.00,84.00,527.00,157.00,246.00
122,148012,293799,-1060.00,-108.00,88.00,531.00,157.00,246.00
121,148187,293976,-1072.00,-104.00,84.00,531.00,160.00,246.00
120,148363,294152,-1056.00,-108.00,72.00,534.00,156.00,245.00
120,148538,294327,-1060.00,-100.00,84.00,533.00,161.00,246.00
121,148714,294503,-1060.00,-116.00,84.00,529.00,157.00,246.00
121,148889,294678,-1064.00,-112.00,84.00,529.00,160.00,246.00
120,149065,294854,-1064.00,-112.00,88.00,531.00,158.00,246.00
121,149240,295029,-1056.00,-116.00,96.00,531.00,159.00,244.00
121,149415,295205,-1064.00,-108.00,88.00,530.00,160.00,245.00
121,149592,295380,-1064.00,-112.00,84.00,529.00,159.00,246.00
122,149767,295557,-1056.00,-124.00,96.00,531.00,159.00,244.00
121,149943,295732,-1064.00,-104.00,80.00,530.00,160.00,245.00
121,150118,295908,-1064.00,-112.00,84.00,531.00,160.00,244.00
121,150294,296083,-1064.00,-116.00,84.00,532.00,158.00,246.00
121,150469,296259,-1060.00,-116.00,88.00,531.00,160.00,246.00
121,150645,296434,-1056.00,-112.00,80.00,532.00,163.00,246.00
121,150820,296610,-1060.00,-124.00,80.00,531.00,159.00,243.00
120,150998,296785,-1056.00,-116.00,112.00,530.00,159.00,246.00
121,151172,296963,-1056.00,-96.00,76.00,533.00,158.00,243.00
122,151349,297138,-1064.00,-140.00,100.00,531.00,160.00,246.00
120,151525,297314,-1068.00,-124.00,100.00,532.00,160.00,246.00
121,151701,297491,-1056.00,-116.00,88.00,532.00,163.00,241.00
121,151876,297666,-1060.00,-116.00,80.00,531.00,160.00,241.00
122,152051,297842,-1064.00,-124.00,80.00,533.00,162.00,242.00
121,152227,298017,-1056.00,-112.00,88.00,531.00,159.00,243.00
121,152402,298193,-1060.00,-116.00,96.00,530.00,161.00,243.00
121,152579,298369,-1064.00,-128.00,92.00,532.00,161.00,243.00
121,152754,298545,-1060.00,-124.00,92.00,532.00,164.00,242.00
120,152930,298720,-1056.00,-116.00,84.00,531.00,162.00,241.00
120,153105,298896,-1060.00,-108.00,88.00,531.00,160.00,242.00
121,153281,299071,-1064.00,-116.00,88.00,531.00,156.00,243.00
122,153456,299247,-1064.00,-116.00,84.00,531.00,155.00,244.00
122,153632,299422,-1056.00,-108.00,84.00,529.00,162.00,243.00
122,153807,299598,-1052.00,-116.00,84.00,531.00,158.00,248.00
121,153984,299774,-1064.00,-120.00,68.00,532.00,160.00,241.00
120,154159,299950,-1056.00,-120.00,88.00,533.00,164.00,237.00
123,154334,300126,-1052.00,-56.00,116.00,531.00,169.00,232.00
121,154511,300301,-1060.00,-176.00,144.00,536.00,229.00,187.00
121,154686,300478,-1076.00,-96.00,184.00,537.00,269.00,142.00
122,154861,300653,-1088.00,-96.00,96.00,527.00,317.00,108.00
122,155035,300828,-1076.00,-108.00,24.00,514.00,383.00,80.00
121,155210,301002,-1084.00,-40.00,76.00,508.00,436.00,-34.00
121,155384,301177,-1104.00,-48.00,0.00,502.00,441.00,-143.00
122,155558,301351,-1060.00,4.00,64.00,501.00,427.00,-184.00
121,155734,301526,-1084.00,-64.00,20.00,495.00,437.00,-189.00
121,155910,301701,-1088.00,-60.00,56.00,490.00,455.00,-144.00
122,156083,301877,-1064.00,-76.00,32.00,506.00,428.00,10.00
121,156256,302050,-1072.00,-56.00,36.00,514.00,359.00,92.00
122,156431,302224,-1032.00,-80.00,52.00,521.00,253.00,156.00
123,156605,302398,-1076.00,-96.00,40.00,519.00,205.00,187.00
122,156780,302573,-1052.00,-72.00,32.00,512.00,116.00,242.00
120,156955,302747,-1100.00,-144.00,196.00,530.00,84.00,242.00
121,157129,302923,-1020.00,-84.00,48.00,548.00,-5.00,238.00
121,157303,303096,-1008.00,-20.00,56.00,541.00,-64.00,233.00
122,157479,303271,-1028.00,-44.00,140.00,541.00,-33.00,242.00
122,157652,303448,-1064.00,-44.00,80.00,528.00,86.00,243.00
120,157827,303621,-1076.00,-48.00,36.00,523.00,163.00,214.00
122,158001,303796,-1040.00,-28.00,8.00,510.00,243.00,196.00
122,158175,303969,-1068.00,-36.00,16.00,508.00,290.00,177.00
121,158351,304144,-1080.00,-48.00,-28.00,499.00,399.00,102.00
122,158525,304319,-1052.00,-88.00,-40.00,491.00,452.00,-2.00
122,158700,304494,-1100.00,20.00,32.00,474.00,472.00,-124.00
120,158877,304668,-1080.00,-124.00,-64.00,470.00,455.00,-202.00
121,159054,304846,-1068.00,-68.00,-92.00,472.00,418.00,-264.00
123,159232,305022,-1088.00,-108.00,-28.00,456.00,476.00,-183.00
120,159409,305201,-1048.00,-160.00,-60.00,449.00,499.00,-86.00
121,159584,305377,-1060.00,-124.00,-64.00,465.00,446.00,88.00
123,159761,305553,-1044.00,-128.00,-92.00,470.00,353.00,191.00
122,159936,305730,-1048.00,-88.00,-68.00,478.00,198.00,267.00
121,160112,305905,-1096.00,-80.00,-48.00,493.00,127.00,275.00
121,160286,306081,-1064.00,60.00,-52.00,491.00,-29.00,284.00
122,160459,306255,-1048.00,92.00,4.00,496.00,-150.00,260.00
123,160634,306429,-1044.00,84.00,92.00,521.00,-187.00,220.00
121,160809,306604,-1096.00,36.00,184.00,528.00,-181.00,213.00
121,160987,306780,-1068.00,-48.00,-40.00,513.00,-127.00,255.00
122,161160,306956,-1076.00,44.00,-12.00,489.00,-2.00,291.00
122,161335,307130,-1048.00,12.00,-80.00,492.00,109.00,283.00
121,161511,307304,-1064.00,-20.00,-116.00,483.00,267.00,243.00
122,161687,307481,-1064.00,-76.00,-16.00,480.00,357.00,184.00
120,161861,307656,-1032.00,-48.00,-44.00,472.00,450.00,65.00
121,162037,307831,-1056.00,-84.00,-16.00,477.00,475.00,-80.00
121,162212,308006,-1108.00,-92.00,-8.00,478.00,462.00,-153.00
122,162390,308183,-1096.00,-88.00,-36.00,477.00,435.00,-232.00
120,162566,308360,-1060.00,-32.00,-68.00,477.00,418.00,-280.00
120,162741,308536,-1064.00,-88.00,-8.00,468.00,455.00,-218.00
122,162918,308712,-1056.00,-160.00,-64.00,451.00,501.00,-67.00
120,163093,308888,-1064.00,-76.00,-72.00,453.00,427.00,151.00
123,163269,309064,-1048.00,-100.00,-8.00,475.00,205.00,294.00
120,163442,309239,-1028.00,12.00,-68.00,490.00,64.00,310.00
121,163616,309413,-1088.00,16.00,-36.00,507.00,-4.00,295.00
122,163788,309586,-1084.00,4.00,52.00,527.00,-73.00,267.00
124,163964,309760,-1036.00,40.00,292.00,555.00,-125.00,218.00
121,164141,309935,-1040.00,-204.00,64.00,556.00,-130.00,212.00
119,164319,310112,-1092.00,-128.00,100.00,552.00,-159.00,203.00
122,164495,310289,-1056.00,-108.00,76.00,551.00,-157.00,206.00
123,164672,310466,-1072.00,-144.00,64.00,558.00,-155.00,202.00
122,164848,310642,-1048.00,-68.00,108.00,559.00,-162.00,199.00
122,165024,310819,-1052.00,-40.00,96.00,545.00,-164.00,210.00
123,165199,310995,-1024.00,-60.00,16.00,538.00,-163.00,219.00
123,165374,311171,-1064.00,-28.00,64.00,533.00,-168.00,221.00
122,165551,311347,-1080.00,-60.00,56.00,533.00,-169.00,222.00
122,171158,316954,-1064.00,-116.00,100.00,557.00,-130.00,210.00
123,171334,317132,-1072.00,-64.00,192.00,565.00,-134.00,197.00
121,171511,317308,-1060.00,136.00,152.00,508.00,-268.00,186.00
123,171686,317486,-828.00,448.00,164.00,371.00,-413.00,199.00
121,171863,317661,-772.00,772.00,172.00,201.00,-480.00,222.00
121,172037,317837,-480.00,876.00,128.00,31.00,-485.00,245.00
121,172214,318011,-328.00,1008.00,132.00,-35.00,-475.00,250.00
121,172391,318188,-216.00,1020.00,132.00,-119.00,-441.00,259.00
123,172566,318365,-40.00,988.00,92.00,-180.00,-397.00,276.00
121,172740,318540,364.00,704.00,32.00,-368.00,-177.00,281.00
122,172915,318714,1304.00,56.00,124.00,-377.00,247.00,264.00
123,173090,318889,916.00,-104.00,-40.00,-287.00,355.00,299.00
123,173266,319066,764.00,-488.00,-112.00,-60.00,430.00,371.00
121,173443,319241,392.00,-1032.00,-188.00,150.00,467.00,357.00
122,173619,319418,116.00,-964.00,-228.00,376.00,346.00,357.00
121,173794,319593,-500.00,-900.00,-68.00,507.00,259.00,300.00
120,173970,319769,-616.00,-884.00,-32.00,556.00,174.00,285.00
123,174145,319944,-736.00,-836.00,-48.00,560.00,127.00,296.00
122,174321,320120,-528.00,-600.00,-212.00,569.00,-16.00,306.00
122,174499,320296,-896.00,-200.00,-196.00,521.00,-212.00,307.00
122,174675,320475,-1148.00,-196.00,44.00,419.00,-326.00,340.00
122,174854,320652,-1100.00,152.00,-232.00,366.00,-347.00,346.00
120,175028,320829,-1160.00,252.00,0.00,371.00,-384.00,318.00
122,175204,321004,-848.00,552.00,-12.00,191.00,-456.00,321.00
122,175377,321179,-568.00,828.00,40.00,79.00,-490.00,291.00
124,175552,321353,-492.00,960.00,32.00,-33.00,-448.00,324.00
122,175727,321527,-400.00,1016.00,60.00,-80.00,-418.00,340.00
122,175903,321703,-104.00,968.00,-8.00,-182.00,-336.00,365.00
121,176080,321879,220.00,1088.00,-124.00,-199.00,-275.00,397.00
124,176259,322057,408.00,1156.00,-148.00,-252.00,-207.00,391.00
122,176435,322234,276.00,780.00,-112.00,-290.00,-100.00,407.00
122,176612,322411,1200.00,308.00,-128.00,-300.00,136.00,411.00
122,176788,322587,972.00,-100.00,-176.00,-248.00,261.00,407.00
121,176965,322764,884.00,-340.00,-248.00,-153.00,398.00,375.00
122,177141,322941,728.00,-596.00,-108.00,-122.00,434.00,361.00
122,177318,323118,832.00,-588.00,-136.00,-113.00,475.00,326.00
121,177494,323295,760.00,-708.00,-112.00,-77.00,476.00,344.00
121,177668,323470,688.00,-880.00,-28.00,17.00,472.00,368.00
121,177841,323644,272.00,-916.00,-84.00,29.00,468.00,368.00
123,178017,323817,280.00,-1132.00,-176.00,163.00,427.00,395.00
121,178195,323994,-280.00,-1028.00,-184.00,356.00,287.00,420.00
123,178371,324171,-800.00,-376.00,-248.00,443.00,-91.00,428.00
121,178550,324348,-1036.00,-184.00,-200.00,324.00,-256.00,423.00
123,178725,324528,-972.00,-8.00,-304.00,258.00,-304.00,423.00
123,178902,324703,-956.00,504.00,-20.00,200.00,-416.00,374.00
124,179076,324879,-712.00,764.00,-4.00,114.00,-412.00,397.00
122,179252,325053,-492.00,972.00,-44.00,-35.00,-349.00,429.00
123,179428,325229,1300.00,704.00,-272.00,-291.00,-30.00,448.00
123,179603,325405,616.00,684.00,-92.00,-283.00,-60.00,451.00
123,179778,325580,676.00,472.00,-112.00,-281.00,-33.00,458.00
121,179954,325755,960.00,-184.00,-88.00,-244.00,243.00,443.00
121,180130,325932,924.00,-516.00,-228.00,-127.00,440.00,378.00
123,180305,326108,688.00,-812.00,-44.00,-36.00,510.00,337.00
121,180481,326283,264.00,-976.00,-140.00,270.00,423.00,388.00
121,180657,326459,-300.00,-812.00,-88.00,373.00,336.00,396.00
122,180833,326634,-508.00,-932.00,-252.00,507.00,101.00,395.00
122,181010,326811,-632.00,-432.00,-264.00,466.00,-14.00,433.00
121,181186,326987,-1116.00,-792.00,-172.00,491.00,50.00,412.00
120,181364,327164,-988.00,-144.00,-112.00,415.00,-194.00,424.00
121,181539,327342,-708.00,532.00,-28.00,314.00,-316.00,416.00
122,181715,327518,-964.00,380.00,-64.00,263.00,-416.00,370.00
122,181891,327693,-740.00,760.00,-116.00,91.00,-414.00,396.00
123,182065,327869,-628.00,992.00,72.00,-58.00,-376.00,401.00
122,182241,328044,56.00,848.00,-228.00,-175.00,-207.00,443.00
121,182416,328219,564.00,928.00,-280.00,-271.00,-16.00,447.00
123,182591,328395,896.00,796.00,-264.00,-287.00,76.00,438.00
124,182766,328569,864.00,380.00,-152.00,-284.00,202.00,422.00
122,182944,328745,1072.00,-216.00,-196.00,-234.00,364.00,381.00
121,183120,328923,968.00,-448.00,-112.00,-202.00,420.00,355.00
122,183297,329100,856.00,-672.00,-176.00,-47.00,463.00,384.00
122,183471,329275,644.00,-768.00,-236.00,71.00,445.00,421.00
121,183647,329450,300.00,-868.00,-396.00,176.00,384.00,452.00
123,183822,329625,100.00,-960.00,-264.00,226.00,383.00,436.00
120,184000,329801,-148.00,-1028.00,-272.00,402.00,309.00,400.00
122,184176,329979,-540.00,-980.00,-152.00,531.00,221.00,338.00
121,184352,330156,-788.00,-836.00,-36.00,587.00,138.00,301.00
122,184526,330332,-852.00,-404.00,16.00,601.00,-67.00,306.00
121,184705,330506,-1068.00,-484.00,-24.00,584.00,-138.00,300.00
121,184881,330684,-1160.00,-52.00,120.00,509.00,-284.00,316.00
123,185056,330860,-1044.00,272.00,44.00,318.00,-384.00,377.00
122,185231,331036,-876.00,668.00,28.00,164.00,-368.00,423.00
121,185406,331210,-612.00,880.00,-264.00,10.00,-321.00,432.00
122,185582,331386,-420.00,900.00,-344.00,23.00,-319.00,435.00
122,185758,331561,-276.00,412.00,-168.00,349.00,-313.00,401.00
121,185935,331739,-64.00,-1764.00,-224.00,144.00,519.00,330.00
123,186108,331916,700.00,-972.00,-64.00,28.00,510.00,341.00
121,186284,332089,752.00,-628.00,28.00,-264.00,452.00,282.00
123,186458,332264,992.00,-68.00,176.00,-382.00,404.00,183.00
123,186633,332438,816.00,260.00,136.00,-492.00,160.00,149.00
123,186805,332613,612.00,900.00,104.00,-491.00,8.00,181.00
120,186980,332785,228.00,912.00,52.00,-175.00,-446.00,258.00
121,187155,332960,-740.00,548.00,-88.00,151.00,-507.00,305.00
121,187332,333135,-664.00,-1088.00,-100.00,545.00,262.00,305.00
122,187507,333314,368.00,-1080.00,68.00,359.00,513.00,231.00
120,187682,333488,392.00,-800.00,232.00,-111.00,588.00,166.00
121,187857,333664,1020.00,-648.00,76.00,-74.00,580.00,211.00
122,188033,333838,936.00,-320.00,-16.00,-342.00,375.00,267.00
122,188209,334014,936.00,308.00,-152.00,-446.00,107.00,294.00
122,188384,334189,260.00,896.00,232.00,-424.00,-195.00,269.00
121,188561,334365,-152.00,924.00,228.00,-193.00,-510.00,168.00
122,188735,334541,-612.00,744.00,88.00,-16.00,-580.00,132.00
121,188911,334716,-936.00,252.00,160.00,426.00,-505.00,154.00
119,189087,334893,-892.00,-776.00,-36.00,647.00,-103.00,225.00
121,189262,335069,-652.00,-812.00,-4.00,627.00,226.00,196.00
124,189438,335244,-372.00,-1320.00,184.00,466.00,469.00,154.00
120,189615,335420,196.00,-1000.00,-68.00,296.00,541.00,222.00
123,189789,335596,600.00,-804.00,-152.00,20.00,541.00,306.00
120,189964,335770,952.00,-472.00,-168.00,-76.00,524.00,306.00
120,190142,335946,1028.00,-320.00,-280.00,-192.00,467.00,311.00
120,190317,336123,856.00,248.00,-180.00,-295.00,331.00,346.00
122,190492,336300,580.00,712.00,-176.00,-382.00,47.00,348.00
120,190666,336474,400.00,936.00,-76.00,-390.00,-69.00,323.00
120,190842,336649,264.00,952.00,-96.00,-365.00,-161.00,311.00
123,191019,336824,116.00,1016.00,-84.00,-203.00,-345.00,328.00
122,196135,341944,-772.00,-92.00,-724.00,58.00,-301.00,381.00
122,196311,342120,-768.00,-48.00,-696.00,55.00,-300.00,376.00
122,196487,342295,-764.00,-52.00,-696.00,59.00,-303.00,380.00
122,196662,342471,-764.00,-60.00,-704.00,59.00,-300.00,380.00
121,196838,342646,-768.00,-52.00,-700.00,54.00,-299.00,378.00
122,197013,342822,-772.00,-40.00,-716.00,55.00,-298.00,379.00
121,197189,342998,-760.00,-40.00,-704.00,51.00,-300.00,379.00
122,197364,343174,-736.00,-28.00,-712.00,51.00,-299.00,379.00
121,197540,343349,-764.00,-36.00,-712.00,48.00,-297.00,376.00
122,197715,343525,-756.00,-24.00,-708.00,46.00,-298.00,379.00
122,197891,343701,-764.00,-40.00,-716.00,43.00,-296.00,381.00
123,198067,343876,-768.00,-48.00,-716.00,45.00,-296.00,380.00
122,198242,344052,-768.00,-36.00,-724.00,44.00,-295.00,381.00
122,198418,344227,-760.00,-48.00,-720.00,44.00,-289.00,385.00
121,198593,344403,-744.00,-32.00,-708.00,43.00,-289.00,380.00
122,198769,344579,-756.00,-48.00,-716.00,40.00,-294.00,378.00
122,198944,344755,-756.00,-44.00,-708.00,43.00,-292.00,383.00
121,199120,344930,-744.00,-36.00,-720.00,41.00,-290.00,378.00
123,199296,345106,-764.00,-28.00,-708.00,40.00,-292.00,382.00
123,199472,345281,-752.00,-20.00,-708.00,41.00,-288.00,382.00
122,199647,345457,-748.00,-12.00,-700.00,40.00,-290.00,380.00
124,199823,345633,-744.00,-40.00,-700.00,38.00,-290.00,378.00
123,199998,345808,-752.00,-36.00,-704.00,42.00,-290.00,379.00
123,200174,345985,-784.00,-60.00,-728.00,42.00,-291.00,379.00
122,200347,346160,-788.00,4.00,-692.00,47.00,-298.00,379.00
122,200523,346334,-728.00,-16.00,-704.00,37.00,-295.00,378.00
122,200698,346509,-760.00,-64.00,-724.00,44.00,-288.00,378.00
122,200873,346685,-756.00,-36.00,-712.00,39.00,-291.00,378.00
122,201050,346860,-780.00,-52.00,-708.00,36.00,-291.00,381.00
123,201225,347036,-768.00,-40.00,-708.00,39.00,-289.00,377.00
122,201400,347211,-748.00,-4.00,-704.00,37.00,-292.00,378.00
122,201575,347386,-800.00,-72.00,-700.00,38.00,-287.00,384.00
122,201751,347561,-740.00,-20.00,-724.00,35.00,-289.00,381.00
123,201926,347738,-776.00,-32.00,-700.00,33.00,-288.00,381.00
122,202102,347914,-768.00,-20.00,-708.00,34.00,-287.00,380.00
122,202277,348089,-780.00,-32.00,-700.00,37.00,-284.00,383.00
123,202454,348265,-744.00,-16.00,-732.00,34.00,-284.00,381.00
122,202629,348440,-744.00,-20.00,-708.00,34.00,-282.00,384.00
122,202805,348616,-788.00,-72.00,-708.00,36.00,-282.00,382.00
123,202980,348791,-776.00,-28.00,-716.00,33.00,-283.00,382.00
122,203156,348967,-764.00,-56.00,-708.00,33.00,-283.00,383.00
122,203331,349143,-744.00,-28.00,-708.00,36.00,-281.00,386.00
121,203507,349319,-756.00,-28.00,-708.00,35.00,-280.00,384.00
123,203682,349494,-768.00,-36.00,-708.00,34.00,-278.00,381.00
122,203857,349670,-760.00,-28.00,-708.00,31.00,-280.00,384.00
123,204034,349846,-760.00,-60.00,-720.00,37.00,-277.00,387.00
121,204209,350021,-776.00,-32.00,-708.00,34.00,-281.00,383.00
121,204385,350197,-760.00,-40.00,-720.00,35.00,-278.00,386.00
122,204560,350372,-768.00,-44.00,-704.00,37.00,-277.00,384.00
122,204736,350548,-764.00,-44.00,-720.00,36.00,-277.00,385.00
122,204911,350724,-772.00,-36.00,-716.00,34.00,-277.00,384.00
122,205087,350900,-756.00,-44.00,-720.00,33.00,-274.00,387.00
122,205262,351075,-764.00,-44.00,-712.00,34.00,-278.00,387.00
122,205438,351251,-772.00,-32.00,-708.00,35.00,-272.00,390.00
122,205614,351426,-772.00,-36.00,-692.00,33.00,-274.00,387.00
122,205790,351602,-768.00,-44.00,-708.00,35.00,-273.00,386.00
122,205965,351778,-772.00,-36.00,-704.00,33.00,-273.00,389.00
122,206141,351953,-768.00,-24.00,-692.00,33.00,-276.00,387.00
122,206316,352130,-764.00,-44.00,-704.00,32.00,-274.00,386.00
123,206492,352305,-764.00,-48.00,-716.00,32.00,-271.00,388.00
122,206667,352481,-764.00,-48.00,-704.00,35.00,-273.00,390.00
122,206842,352656,-752.00,-40.00,-708.00,36.00,-275.00,389.00
122,207019,352832,-776.00,-32.00,-708.00,36.00,-276.00,387.00
123,207194,353007,-784.00,-48.00,-704.00,35.00,-277.00,386.00
123,207370,353183,-764.00,-40.00,-716.00,35.00,-276.00,384.00
121,207545,353358,-768.00,-40.00,-700.00,36.00,-276.00,385.00
123,207721,353534,-764.00,-32.00,-716.00,35.00,-278.00,385.00
123,207896,353711,-760.00,-28.00,-704.00,32.00,-276.00,386.00
122,208072,353886,-768.00,-44.00,-720.00,33.00,-277.00,387.00
122,208247,354062,-756.00,-24.00,-704.00,30.00,-277.00,388.00
123,208423,354237,-728.00,-28.00,-712.00,31.00,-271.00,387.00
122,208599,354413,-784.00,-44.00,-696.00,30.00,-271.00,387.00
123,208775,354588,-772.00,-56.00,-724.00,32.00,-271.00,388.00
122,208950,354764,-756.00,-32.00,-716.00,31.00,-272.00,386.00
122,209126,354939,-768.00,-48.00,-704.00,31.00,-274.00,390.00
123,209301,355116,-756.00,-40.00,-716.00,30.00,-274.00,387.00
122,209477,355291,-756.00,-36.00,-716.00,36.00,-274.00,387.00
122,209652,355467,-768.00,-80.00,-704.00,41.00,-277.00,387.00
122,209828,355642,-760.00,-56.00,-720.00,37.00,-273.00,386.00
123,210003,355818,-760.00,-44.00,-708.00,33.00,-274.00,388.00
122,210179,355994,-760.00,-68.00,-720.00,35.00,-269.00,389.00
122,210355,356169,-752.00,-32.00,-700.00,35.00,-272.00,390.00
122,210530,356345,-752.00,-68.00,-708.00,33.00,-268.00,390.00
122,210706,356520,-760.00,-48.00,-720.00,33.00,-267.00,388.00
122,210881,356697,-760.00,-48.00,-708.00,35.00,-268.00,389.00
122,211057,356872,-732.00,-32.00,-712.00,31.00,-269.00,388.00
122,211232,357048,-732.00,-44.00,-712.00,31.00,-272.00,387.00
122,211408,357223,-772.00,-40.00,-704.00,33.00,-275.00,386.00
122,211584,357399,-776.00,-56.00,-728.00,31.00,-266.00,389.00
122,211760,357574,-732.00,-12.00,-700.00,33.00,-272.00,387.00
122,211935,357750,-768.00,-84.00,-712.00,33.00,-266.00,390.00
122,212111,357926,-736.00,-40.00,-716.00,33.00,-271.00,390.00
122,212286,358102,-764.00,-60.00,-712.00,32.00,-269.00,388.00
122,212462,358278,-772.00,-68.00,-728.00,32.00,-268.00,391.00
122,212637,358453,-732.00,-48.00,-716.00,30.00,-268.00,386.00
122,212813,358629,-756.00,-72.00,-720.00,31.00,-271.00,386.00
122,212988,358804,-740.00,-64.00,-744.00,29.00,-273.00,385.00
123,213165,358980,-760.00,-76.00,-700.00,30.00,-277.00,384.00
123,213340,359155,-784.00,-60.00,-720.00,34.00,-274.00,385.00
122,213515,359331,-756.00,-76.00,-732.00,35.00,-274.00,387.00
122,213691,359506,-708.00,-56.00,-712.00,35.00,-274.00,386.00
123,213866,359683,-760.00,-64.00,-716.00,35.00,-268.00,389.00
123,214043,359859,-728.00,-112.00,-728.00,32.00,-272.00,389.00
121,214218,360035,-680.00,-68.00,-732.00,31.00,-274.00,383.00
123,214394,360211,-732.00,-88.00,-736.00,36.00,-276.00,387.00
122,214569,360386,-732.00,-88.00,-748.00,41.00,-275.00,387.00
123,214746,360562,-740.00,-80.00,-724.00,32.00,-274.00,385.00
122,214921,360737,-732.00,-92.00,-716.00,33.00,-270.00,390.00
122,215097,360913,-756.00,-72.00,-724.00,41.00,-274.00,389.00
121,215273,361089,-764.00,-136.00,-740.00,33.00,-274.00,392.00
122,215449,361266,-704.00,-84.00,-736.00,30.00,-270.00,387.00
122,215624,361441,-736.00,-88.00,-712.00,27.00,-271.00,388.00
122,215800,361617,-740.00,-32.00,-732.00,24.00,-272.00,389.00
123,215975,361793,-688.00,-68.00,-744.00,16.00,-267.00,387.00
121,220588,366405,-716.00,-128.00,792.00,618.00,-72.00,-151.00
121,220764,366582,-716.00,-104.00,792.00,620.00,-71.00,-151.00
119,220941,366758,-708.00,-100.00,792.00,619.00,-70.00,-149.00
121,221117,366936,-736.00,-132.00,788.00,621.00,-68.00,-152.00
120,221294,367112,-720.00,-104.00,784.00,619.00,-69.00,-152.00
120,221470,367289,-708.00,-100.00,788.00,622.00,-68.00,-147.00
120,221647,367466,-728.00,-104.00,784.00,623.00,-66.00,-151.00
120,221824,367642,-716.00,-108.00,780.00,618.00,-67.00,-149.00
120,222001,367819,-720.00,-132.00,776.00,620.00,-69.00,-152.00
120,222177,367995,-724.00,-132.00,780.00,620.00,-70.00,-149.00
120,222354,368173,-724.00,-128.00,776.00,622.00,-70.00,-148.00
121,222530,368349,-724.00,-128.00,776.00,621.00,-68.00,-146.00
121,222707,368526,-728.00,-132.00,776.00,623.00,-66.00,-146.00
121,222883,368702,-724.00,-136.00,764.00,623.00,-62.00,-146.00
120,223060,368879,-732.00,-160.00,784.00,624.00,-59.00,-146.00
121,223237,369055,-724.00,-148.00,776.00,624.00,-57.00,-144.00
120,223414,369232,-736.00,-176.00,764.00,625.00,-52.00,-143.00
122,223590,369410,-732.00,-168.00,776.00,625.00,-54.00,-141.00
120,223766,369586,-744.00,-172.00,768.00,627.00,-48.00,-144.00
121,223943,369763,-736.00,-168.00,760.00,627.00,-51.00,-144.00
121,224119,369939,-732.00,-168.00,768.00,625.00,-47.00,-146.00
121,224296,370116,-736.00,-168.00,772.00,626.00,-49.00,-141.00
120,224473,370292,-736.00,-160.00,756.00,627.00,-48.00,-142.00
120,224650,370469,-720.00,-172.00,748.00,627.00,-48.00,-142.00
121,224826,370646,-740.00,-164.00,780.00,628.00,-46.00,-143.00
120,225003,370823,-724.00,-168.00,768.00,628.00,-44.00,-142.00
121,225179,371000,-732.00,-172.00,768.00,629.00,-45.00,-141.00
121,225356,371176,-712.00,-160.00,768.00,626.00,-41.00,-145.00
119,225532,371353,-716.00,-168.00,760.00,627.00,-43.00,-143.00
120,225710,371529,-716.00,-188.00,764.00,628.00,-41.00,-146.00
121,225886,371706,-720.00,-184.00,780.00,627.00,-43.00,-147.00
121,226063,371883,-712.00,-188.00,760.00,628.00,-39.00,-147.00
121,226239,372060,-712.00,-188.00,780.00,625.00,-36.00,-147.00
121,226416,372236,-712.00,-180.00,780.00,627.00,-39.00,-148.00
121,226592,372413,-724.00,-192.00,768.00,627.00,-40.00,-150.00
121,226769,372590,-716.00,-184.00,772.00,628.00,-39.00,-148.00
121,226946,372766,-720.00,-188.00,764.00,626.00,-38.00,-148.00
121,227123,372943,-720.00,-180.00,772.00,624.00,-39.00,-153.00
121,227299,373120,-736.00,-184.00,792.00,626.00,-39.00,-151.00
121,227476,373297,-732.00,-196.00,776.00,626.00,-37.00,-148.00
120,227652,373473,-716.00,-188.00,760.00,627.00,-39.00,-148.00
121,227828,373650,-724.00,-192.00,768.00,624.00,-34.00,-147.00
121,228005,373826,-732.00,-184.00,772.00,625.00,-37.00,-147.00
119,228182,374003,-744.00,-200.00,780.00,627.00,-34.00,-147.00
121,228359,374179,-732.00,-200.00,764.00,624.00,-34.00,-148.00
120,228535,374356,-720.00,-180.00,772.00,626.00,-33.00,-148.00
121,228712,374534,-716.00,-188.00,772.00,628.00,-33.00,-149.00
119,228888,374710,-720.00,-188.00,780.00,629.00,-35.00,-148.00
120,229065,374887,-724.00,-192.00,780.00,627.00,-28.00,-148.00
120,229241,375063,-716.00,-176.00,780.00,629.00,-29.00,-148.00
121,229419,375240,-724.00,-200.00,776.00,627.00,-29.00,-149.00
120,229595,375416,-720.00,-192.00,776.00,628.00,-27.00,-147.00
119,229772,375593,-716.00,-188.00,756.00,627.00,-27.00,-149.00
120,229948,375770,-736.00,-184.00,788.00,628.00,-30.00,-148.00
120,230125,375947,-732.00,-168.00,784.00,628.00,-33.00,-148.00
121,230301,376124,-712.00,-184.00,776.00,629.00,-32.00,-150.00
121,230478,376300,-720.00,-176.00,772.00,624.00,-36.00,-150.00
121,230654,376477,-720.00,-176.00,780.00,624.00,-42.00,-149.00
121,230832,376653,-724.00,-176.00,776.00,626.00,-45.00,-151.00
121,231008,376830,-724.00,-164.00,776.00,625.00,-46.00,-151.00
120,231185,377007,-720.00,-176.00,780.00,627.00,-47.00,-152.00
121,231361,377184,-716.00,-156.00,784.00,623.00,-47.00,-149.00
121,231538,377360,-720.00,-172.00,780.00,624.00,-47.00,-152.00
120,231714,377537,-724.00,-164.00,776.00,627.00,-46.00,-147.00
120,231891,377714,-704.00,-176.00,772.00,625.00,-45.00,-150.00
121,232068,377890,-720.00,-172.00,776.00,625.00,-49.00,-151.00
121,232244,378067,-720.00,-160.00,776.00,625.00,-48.00,-149.00
120,232421,378244,-712.00,-168.00,776.00,625.00,-46.00,-152.00
121,232597,378421,-720.00,-164.00,788.00,625.00,-47.00,-150.00
121,232774,378597,-716.00,-188.00,776.00,624.00,-43.00,-148.00
121,232950,378774,-720.00,-176.00,768.00,624.00,-43.00,-151.00
120,233127,378950,-716.00,-172.00,780.00,625.00,-39.00,-149.00
119,233304,379127,-720.00,-172.00,792.00,626.00,-39.00,-148.00
120,233481,379304,-720.00,-172.00,776.00,626.00,-38.00,-149.00
120,233657,379481,-708.00,-184.00,776.00,625.00,-42.00,-150.00
120,233834,379658,-720.00,-160.00,804.00,626.00,-40.00,-153.00
121,234010,379834,-712.00,-192.00,804.00,624.00,-39.00,-150.00
122,234187,380011,-708.00,-128.00,772.00,625.00,-39.00,-148.00
119,234363,380187,-708.00,-208.00,784.00,625.00,-38.00,-153.00
121,234541,380364,-716.00,-180.00,784.00,626.00,-35.00,-152.00
122,234717,380540,-720.00,-164.00,776.00,627.00,-36.00,-150.00
120,234894,380718,-716.00,-180.00,776.00,626.00,-35.00,-150.00
121,235070,380894,-720.00,-180.00,788.00,625.00,-36.00,-152.00
121,235247,381071,-720.00,-192.00,788.00,624.00,-34.00,-153.00
120,235423,381248,-712.00,-184.00,772.00,625.00,-35.00,-150.00
121,235600,381424,-720.00,-172.00,784.00,629.00,-35.00,-151.00
120,235777,381601,-712.00,-172.00,788.00,625.00,-34.00,-150.00
120,235954,381777,-712.00,-200.00,772.00,627.00,-33.00,-151.00
121,236130,381955,-732.00,-208.00,780.00,627.00,-31.00,-151.00
121,236307,382131,-724.00,-172.00,780.00,627.00,-31.00,-151.00
120,236483,382308,-716.00,-200.00,760.00,624.00,-29.00,-151.00
121,236660,382484,-732.00,-208.00,788.00,625.00,-21.00,-152.00
120,236836,382661,-708.00,-208.00,752.00,628.00,-25.00,-148.00
120,237012,382838,-720.00,-228.00,784.00,626.00,-22.00,-147.00
120,237190,383014,-716.00,-228.00,780.00,627.00,-19.00,-150.00
119,237366,383192,-716.00,-236.00,760.00,625.00,-17.00,-150.00
121,237543,383368,-708.00,-232.00,760.00,629.00,-18.00,-149.00
120,237719,383545,-724.00,-216.00,764.00,629.00,-24.00,-148.00
120,237896,383721,-724.00,-228.00,760.00,630.00,-22.00,-149.00
120,238072,383898,-732.00,-224.00,772.00,627.00,-22.00,-149.00
120,238249,384075,-724.00,-220.00,768.00,627.00,-25.00,-148.00
121,238426,384251,-736.00,-248.00,764.00,625.00,-27.00,-152.00
120,238603,384429,-736.00,-204.00,768.00,628.00,-31.00,-152.00
121,238779,384605,-724.00,-228.00,760.00,628.00,-34.00,-152.00
121,238956,384782,-720.00,-196.00,764.00,625.00,-36.00,-152.00
121,239132,384958,-728.00,-224.00,768.00,625.00,-37.00,-154.00
120,239309,385135,-724.00,-212.00,756.00,625.00,-40.00,-156.00
121,239485,385311,-716.00,-236.00,760.00,624.00,-39.00,-152.00
121,239663,385488,-724.00,-200.00,768.00,627.00,-39.00,-153.00
120,239839,385665,-712.00,-216.00,764.00,625.00,-38.00,-154.00
120,240016,385842,-724.00,-216.00,768.00,627.00,-38.00,-154.00
121,240192,386019,-720.00,-220.00,768.00,627.00,-35.00,-155.00
121,240369,386195,-724.00,-240.00,780.00,628.00,-25.00,-155.00
121,240545,386372,-712.00,-216.00,768.00,626.00,-28.00,-157.00
122,246341,392171,112.00,-1016.00,-4.00,390.00,470.00,-190.00
121,246517,392347,104.00,-1024.00,24.00,390.00,468.00,-190.00
122,246691,392523,136.00,-1016.00,8.00,394.00,467.00,-192.00
121,246867,392697,144.00,-1012.00,16.00,393.00,468.00,-188.00
121,247043,392873,108.00,-1024.00,16.00,389.00,472.00,-187.00
121,247218,393049,132.00,-1020.00,4.00,390.00,470.00,-183.00
123,247393,393224,140.00,-1012.00,20.00,389.00,469.00,-186.00
123,247569,393399,144.00,-1020.00,12.00,391.00,470.00,-187.00
122,247744,393575,136.00,-1024.00,12.00,385.00,470.00,-186.00
122,247920,393750,120.00,-1024.00,16.00,390.00,469.00,-189.00
123,248095,393926,132.00,-1020.00,20.00,389.00,470.00,-189.00
121,248271,394101,120.00,-1024.00,20.00,389.00,472.00,-188.00
122,248446,394277,124.00,-1024.00,24.00,388.00,468.00,-189.00
122,248623,394452,132.00,-1020.00,20.00,391.00,467.00,-187.00
122,248798,394629,124.00,-1024.00,16.00,389.00,470.00,-188.00
123,248973,394805,132.00,-1024.00,24.00,389.00,469.00,-189.00
122,249149,394980,148.00,-1024.00,16.00,389.00,466.00,-190.00
123,249324,395156,132.00,-1020.00,40.00,385.00,469.00,-189.00
122,249499,395331,136.00,-1028.00,8.00,389.00,465.00,-189.00
122,249674,395506,128.00,-1024.00,24.00,390.00,468.00,-192.00
121,249850,395681,128.00,-1016.00,40.00,391.00,464.00,-192.00
122,250025,395857,136.00,-1024.00,24.00,389.00,468.00,-193.00
122,250202,396033,136.00,-1024.00,24.00,391.00,466.00,-192.00
123,250377,396209,132.00,-1024.00,24.00,389.00,467.00,-192.00
122,250553,396384,144.00,-1024.00,16.00,388.00,465.00,-191.00
121,250728,396560,128.00,-1020.00,24.00,388.00,467.00,-192.00
122,250904,396735,124.00,-1028.00,28.00,391.00,468.00,-193.00
121,251079,396911,128.00,-1024.00,32.00,390.00,465.00,-193.00
122,251254,397087,132.00,-1020.00,28.00,387.00,465.00,-194.00
123,251430,397262,132.00,-1024.00,24.00,390.00,468.00,-191.00
122,251606,397438,124.00,-1024.00,32.00,390.00,468.00,-191.00
123,251782,397614,132.00,-1016.00,24.00,390.00,466.00,-193.00
123,251957,397790,124.00,-1024.00,28.00,391.00,465.00,-195.00
122,252133,397965,124.00,-1024.00,32.00,392.00,463.00,-195.00
122,252308,398141,108.00,-1016.00,36.00,393.00,459.00,-195.00
122,252484,398316,108.00,-1024.00,40.00,393.00,462.00,-195.00
123,252659,398492,116.00,-1024.00,40.00,393.00,464.00,-194.00
122,252835,398667,100.00,-1028.00,28.00,393.00,457.00,-195.00
122,253010,398843,100.00,-1028.00,32.00,397.00,462.00,-195.00
121,253187,399019,104.00,-1024.00,44.00,400.00,458.00,-196.00
122,253362,399195,100.00,-1024.00,32.00,398.00,461.00,-195.00
122,253538,399371,104.00,-1024.00,48.00,398.00,460.00,-197.00
123,253713,399546,112.00,-1028.00,40.00,395.00,457.00,-195.00
122,253888,399722,104.00,-1024.00,36.00,398.00,459.00,-196.00
121,254064,399897,108.00,-1024.00,44.00,397.00,460.00,-197.00
122,254239,400073,108.00,-1024.00,36.00,398.00,459.00,-194.00
123,254415,400248,116.00,-1028.00,32.00,401.00,456.00,-195.00
122,254590,400424,112.00,-1024.00,28.00,399.00,459.00,-195.00
121,254766,400600,92.00,-1024.00,36.00,399.00,458.00,-194.00
122,254941,400775,108.00,-1020.00,40.00,400.00,460.00,-192.00
121,255117,400950,100.00,-1024.00,40.00,397.00,459.00,-193.00
122,255292,401126,112.00,-1024.00,32.00,398.00,460.00,-194.00
122,255468,401301,104.00,-1028.00,32.00,400.00,459.00,-193.00
123,255643,401477,108.00,-1020.00,28.00,400.00,460.00,-194.00
121,255819,401652,120.00,-1024.00,36.00,396.00,461.00,-192.00
122,255994,401828,112.00,-1024.00,32.00,400.00,460.00,-193.00
122,256171,402004,104.00,-1020.00,32.00,402.00,458.00,-192.00
123,256346,402180,116.00,-1032.00,28.00,401.00,457.00,-193.00
121,256520,402356,92.00,-1028.00,32.00,401.00,458.00,-195.00
121,256695,402530,80.00,-1028.00,36.00,401.00,457.00,-194.00
122,256869,402705,92.00,-1028.00,40.00,403.00,457.00,-192.00
122,257045,402879,108.00,-1028.00,32.00,402.00,453.00,-193.00
121,257220,403055,100.00,-1024.00,32.00,404.00,457.00,-194.00
122,257395,403230,92.00,-1028.00,48.00,405.00,455.00,-195.00
121,257569,403405,88.00,-1020.00,36.00,405.00,455.00,-193.00
122,257744,403579,80.00,-1024.00,32.00,407.00,455.00,-193.00
122,257918,403755,84.00,-1024.00,28.00,412.00,453.00,-189.00
122,258093,403929,72.00,-1024.00,32.00,413.00,451.00,-187.00
122,258268,404104,72.00,-1028.00,32.00,417.00,453.00,-187.00
121,258442,404278,76.00,-1024.00,36.00,413.00,453.00,-185.00
121,258617,404453,60.00,-1040.00,28.00,415.00,452.00,-182.00
121,258791,404627,76.00,-1028.00,20.00,416.00,454.00,-181.00
121,258966,404802,64.00,-1032.00,16.00,416.00,453.00,-182.00
122,259139,404976,84.00,-1024.00,0.00,415.00,456.00,-175.00
121,259313,405150,72.00,-1036.00,4.00,416.00,455.00,-172.00
122,259487,405323,64.00,-1024.00,12.00,420.00,455.00,-168.00
122,259662,405498,60.00,-1024.00,-8.00,420.00,454.00,-170.00
121,259837,405673,60.00,-1020.00,-16.00,422.00,454.00,-168.00
122,260013,405849,68.00,-1024.00,-16.00,426.00,452.00,-170.00
122,260188,406025,36.00,-1024.00,-8.00,423.00,454.00,-170.00
122,260363,406199,64.00,-1028.00,-20.00,425.00,453.00,-168.00
121,260539,406375,60.00,-1028.00,-16.00,424.00,449.00,-171.00
122,260712,406550,20.00,-1024.00,8.00,421.00,447.00,-166.00
123,260888,406724,64.00,-1040.00,-16.00,425.00,447.00,-170.00
122,261061,406899,36.00,-1024.00,0.00,424.00,450.00,-168.00
122,261237,407073,84.00,-1032.00,-28.00,428.00,452.00,-166.00
121,261412,407248,36.00,-1028.00,-12.00,424.00,451.00,-170.00
121,261588,407425,56.00,-1028.00,-16.00,421.00,451.00,-165.00
122,261763,407600,52.00,-1028.00,-8.00,426.00,452.00,-163.00
122,261939,407775,60.00,-1028.00,-16.00,424.00,452.00,-165.00
123,262114,407951,44.00,-1040.00,-16.00,425.00,453.00,-167.00
123,262289,408126,60.00,-1012.00,-16.00,425.00,451.00,-164.00
122,262465,408302,40.00,-1032.00,-12.00,424.00,454.00,-166.00
121,262640,408477,48.00,-1028.00,-16.00,423.00,452.00,-169.00
122,262816,408653,52.00,-1024.00,-16.00,425.00,450.00,-168.00
123,262991,408828,44.00,-1028.00,-16.00,425.00,450.00,-167.00
121,263168,409005,48.00,-1036.00,-12.00,423.00,452.00,-166.00
122,263343,409180,52.00,-1024.00,-20.00,425.00,450.00,-166.00
122,263519,409356,60.00,-1032.00,-28.00,425.00,450.00,-170.00
122,263694,409531,56.00,-1028.00,-12.00,425.00,449.00,-169.00
122,263868,409707,32.00,-1012.00,0.00,427.00,449.00,-168.00
122,264043,409880,56.00,-1028.00,-12.00,426.00,450.00,-167.00
122,264219,410056,44.00,-1004.00,-20.00,430.00,446.00,-166.00
122,264394,410232,44.00,-1040.00,-20.00,434.00,445.00,-167.00
121,264570,410407,36.00,-1032.00,-24.00,435.00,444.00,-167.00
121,264744,410584,20.00,-1024.00,-8.00,434.00,442.00,-166.00
121,264920,410758,56.00,-1020.00,-52.00,436.00,442.00,-166.00
122,265096,410934,-64.00,-1040.00,36.00,433.00,443.00,-169.00
122,265271,411109,56.00,-1028.00,-64.00,438.00,448.00,-159.00
122,265446,411285,4.00,-1024.00,-16.00,437.00,443.00,-165.00
122,265621,411459,44.00,-1024.00,-36.00,437.00,445.00,-162.00
122,265797,411635,28.00,-1024.00,-20.00,436.00,443.00,-160.00
122,265972,411810,24.00,-1028.00,-20.00,439.00,443.00,-163.00
121,266148,411986,20.00,-1024.00,-36.00,437.00,441.00,-161.00
121,266323,412162,20.00,-1024.00,-28.00,436.00,441.00,-165.00
121,288413,434258,-1004.00,-16.00,-36.00,398.00,-305.00,-198.00
122,288589,434437,-1040.00,-36.00,12.00,384.00,-310.00,-218.00
120,288766,434613,-1072.00,-52.00,96.00,367.00,-314.00,-248.00
122,288943,434790,-1084.00,-88.00,76.00,367.00,-305.00,-256.00
123,289122,434966,-1136.00,-204.00,-24.00,405.00,-286.00,-241.00
122,289300,435145,-1148.00,-252.00,120.00,399.00,-282.00,-260.00
120,289479,435324,-1020.00,-108.00,180.00,388.00,-285.00,-267.00
122,289655,435503,-1056.00,-84.00,52.00,387.00,-288.00,-258.00
120,289835,435680,-1036.00,-188.00,180.00,376.00,-292.00,-270.00
122,290013,435858,-1080.00,-192.00,144.00,381.00,-296.00,-270.00
122,290191,436037,-1036.00,-116.00,80.00,385.00,-294.00,-261.00
122,290369,436214,-1064.00,-196.00,120.00,395.00,-288.00,-259.00
120,290547,436393,-1048.00,-100.00,44.00,393.00,-293.00,-259.00
121,290724,436572,-1040.00,-172.00,24.00,416.00,-276.00,-257.00
120,290904,436749,-1096.00,-176.00,144.00,402.00,-279.00,-272.00
120,291082,436928,-1044.00,-160.00,108.00,392.00,-283.00,-277.00
122,291261,437106,-1068.00,-156.00,132.00,389.00,-286.00,-275.00
122,291439,437285,-1076.00,-160.00,104.00,394.00,-286.00,-265.00
121,291617,437464,-1040.00,-104.00,48.00,395.00,-297.00,-261.00
121,291794,437642,-1048.00,-112.00,60.00,392.00,-292.00,-263.00
121,291973,437820,-1084.00,-100.00,68.00,383.00,-294.00,-270.00
120,292149,437997,-1052.00,-96.00,64.00,384.00,-293.00,-268.00
121,292326,438174,-1048.00,-92.00,72.00,387.00,-293.00,-263.00
122,292503,438350,-1048.00,-120.00,88.00,389.00,-294.00,-268.00
121,292681,438529,-1060.00,-128.00,68.00,394.00,-295.00,-264.00
122,292858,438706,-1064.00,-116.00,72.00,390.00,-291.00,-264.00
122,293037,438884,-1060.00,-124.00,84.00,387.00,-296.00,-268.00
121,293214,439062,-1076.00,-108.00,56.00,383.00,-295.00,-269.00
121,293391,439239,-1048.00,-68.00,88.00,383.00,-298.00,-271.00
124,293567,439416,-1096.00,-72.00,68.00,377.00,-299.00,-272.00
123,293744,439592,-1044.00,-64.00,84.00,379.00,-300.00,-266.00
123,293921,439770,-1056.00,-96.00,104.00,378.00,-301.00,-266.00
124,294099,439947,-1060.00,-92.00,100.00,377.00,-301.00,-267.00
121,294276,440125,-1060.00,-84.00,92.00,377.00,-302.00,-267.00
120,294453,440302,-1064.00,-92.00,84.00,377.00,-303.00,-265.00
122,294629,440478,-1060.00,-84.00,80.00,378.00,-303.00,-263.00
120,294806,440655,-1076.00,-88.00,84.00,381.00,-302.00,-262.00
121,294983,440832,-1060.00,-120.00,92.00,383.00,-302.00,-260.00
120,295161,441010,-1060.00,-88.00,104.00,381.00,-308.00,-249.00
121,295340,441187,-1080.00,-112.00,100.00,387.00,-317.00,-221.00
123,295519,441366,-1080.00,-176.00,160.00,397.00,-317.00,-203.00
123,295696,441545,-1052.00,-140.00,64.00,408.00,-325.00,-153.00
121,295875,441722,-1036.00,-204.00,164.00,424.00,-316.00,-126.00
123,296052,441902,-1156.00,-260.00,160.00,441.00,-304.00,-94.00
122,296229,442079,-1028.00,-240.00,64.00,452.00,-290.00,-62.00
123,296407,442256,-1020.00,-260.00,168.00,455.00,-283.00,-33.00
123,296584,442433,-1044.00,-232.00,204.00,454.00,-267.00,23.00
121,296760,442610,-1024.00,-204.00,212.00,452.00,-239.00,93.00
122,296938,442786,-1048.00,-132.00,172.00,434.00,-228.00,134.00
121,297114,442964,-1036.00,-96.00,140.00,420.00,-185.00,185.00
122,297290,443142,-1060.00,-92.00,232.00,422.00,-163.00,198.00
121,297467,443318,-1052.00,-136.00,76.00,421.00,-117.00,227.00
121,297643,443495,-1028.00,-172.00,32.00,397.00,-47.00,264.00
123,297819,443670,-1008.00,-184.00,76.00,395.00,-10.00,270.00
122,297993,443846,-1060.00,-44.00,184.00,374.00,82.00,291.00
122,298169,444020,-1028.00,-224.00,64.00,349.00,174.00,286.00
123,298344,444196,-1060.00,-260.00,76.00,321.00,288.00,251.00
122,298520,444371,-1052.00,-352.00,64.00,319.00,322.00,225.00
123,298694,444548,-996.00,-188.00,16.00,319.00,361.00,191.00
121,298870,444722,-1092.00,-44.00,144.00,325.00,372.00,172.00
123,299044,444898,-1092.00,-40.00,84.00,342.00,379.00,146.00
123,299220,445072,-1076.00,-92.00,140.00,339.00,395.00,127.00
121,299397,445248,-1176.00,-280.00,168.00,309.00,425.00,120.00
121,299573,445424,-1072.00,-488.00,124.00,205.00,465.00,141.00
122,299748,445601,-876.00,-612.00,36.00,148.00,473.00,149.00
121,299921,445776,-732.00,-748.00,-4.00,55.00,481.00,153.00
120,300096,445949,-700.00,-772.00,24.00,-15.00,471.00,166.00
121,300270,446125,-576.00,-864.00,16.00,-84.00,442.00,180.00
121,300448,446299,-392.00,-1032.00,-36.00,-141.00,415.00,188.00
122,300625,446477,-192.00,-1020.00,-60.00,-196.00,371.00,192.00
123,300803,446654,-36.00,-1040.00,-80.00,-243.00,338.00,187.00
122,300979,446831,-80.00,-1132.00,-32.00,-260.00,323.00,183.00
123,301153,447007,52.00,-956.00,28.00,-290.00,289.00,180.00
123,301328,447181,224.00,-956.00,-12.00,-315.00,247.00,178.00
122,301504,447356,304.00,-980.00,-48.00,-339.00,201.00,175.00
121,301680,447533,316.00,-1020.00,-48.00,-330.00,215.00,179.00
122,301858,447709,-104.00,-1076.00,-16.00,-195.00,383.00,190.00
122,302033,447887,-516.00,-960.00,-64.00,-59.00,469.00,166.00
123,302208,448063,-796.00,-728.00,-36.00,12.00,497.00,140.00
123,302383,448237,-816.00,-716.00,12.00,108.00,508.00,123.00
122,302558,448412,-928.00,-436.00,-32.00,184.00,492.00,120.00
121,302735,448587,-996.00,-196.00,-108.00,267.00,459.00,122.00
122,302911,448764,-1044.00,-108.00,-48.00,299.00,454.00,100.00
124,303085,448941,-1112.00,-52.00,12.00,337.00,449.00,66.00
120,303258,449115,-1092.00,-48.00,-4.00,346.00,442.00,61.00
121,303433,449288,-1140.00,-104.00,40.00,366.00,434.00,53.00
120,303604,449463,-1092.00,4.00,40.00,394.00,411.00,39.00
123,303777,449634,-944.00,192.00,-40.00,439.00,372.00,26.00
122,303952,449808,-1112.00,272.00,116.00,511.00,265.00,20.00
122,304125,449982,-880.00,592.00,108.00,535.00,199.00,39.00
124,304299,450156,-832.00,724.00,-4.00,562.00,110.00,21.00
122,304470,450328,-632.00,804.00,28.00,570.00,28.00,11.00
120,304641,450500,-484.00,880.00,-4.00,572.00,8.00,-8.00
121,304814,450670,-928.00,956.00,244.00,573.00,76.00,-18.00
121,304987,450844,-836.00,500.00,120.00,540.00,199.00,19.00
123,305160,451017,-880.00,304.00,32.00,494.00,283.00,47.00
123,305332,451190,-984.00,184.00,16.00,449.00,340.00,64.00
123,305506,451362,-1068.00,176.00,64.00,422.00,367.00,77.00
122,305678,451536,-1028.00,60.00,28.00,406.00,385.00,75.00
121,305851,451708,-1060.00,76.00,68.00,405.00,389.00,68.00
122,306024,451881,-1048.00,48.00,108.00,407.00,399.00,46.00
124,306197,452055,-1012.00,36.00,212.00,409.00,403.00,33.00
124,306372,452229,-968.00,-52.00,388.00,402.00,425.00,-33.00
121,306546,452403,-976.00,-32.00,480.00,388.00,435.00,-90.00
120,306722,452578,-896.00,-52.00,664.00,366.00,446.00,-153.00
124,306897,452753,-720.00,-44.00,804.00,329.00,453.00,-215.00
124,307074,452929,-544.00,-56.00,900.00,311.00,448.00,-245.00
122,307249,453104,-420.00,-48.00,956.00,272.00,445.00,-285.00
122,307426,453280,-348.00,-92.00,1008.00,249.00,445.00,-302.00
121,307602,453457,-184.00,-68.00,1008.00,216.00,450.00,-323.00
124,307777,453634,0.00,-104.00,1012.00,196.00,453.00,-337.00
122,307952,453809,132.00,-24.00,1004.00,153.00,464.00,-346.00
121,308127,453984,36.00,-44.00,1032.00,131.00,471.00,-345.00
121,308300,454159,4.00,-72.00,1044.00,142.00,470.00,-341.00
122,310509,456367,-1068.00,76.00,-176.00,356.00,383.00,129.00
122,310685,456543,-992.00,100.00,-208.00,352.00,381.00,139.00
122,310861,456718,-1016.00,132.00,-288.00,338.00,381.00,155.00
121,311037,456895,-984.00,124.00,-400.00,307.00,372.00,189.00
123,311213,457070,-920.00,120.00,-472.00,256.00,381.00,212.00
120,311389,457246,-788.00,124.00,-584.00,229.00,381.00,228.00
121,311564,457421,-728.00,160.00,-720.00,179.00,377.00,247.00
122,311740,457597,-564.00,184.00,-824.00,142.00,380.00,257.00
122,311914,457773,-440.00,144.00,-888.00,99.00,380.00,259.00
122,312089,457948,-416.00,104.00,-892.00,85.00,386.00,253.00
122,312263,458122,-464.00,132.00,-940.00,74.00,385.00,254.00
122,312438,458297,-344.00,136.00,-960.00,59.00,386.00,255.00
123,312612,458471,-148.00,184.00,-952.00,48.00,385.00,256.00
122,312786,458646,-204.00,128.00,-944.00,76.00,389.00,254.00
121,312963,458820,-660.00,108.00,-804.00,154.00,391.00,240.00
122,313138,458996,-940.00,128.00,-616.00,254.00,392.00,195.00
122,313314,459172,-1048.00,96.00,-432.00,296.00,400.00,162.00
121,313488,459347,-928.00,80.00,-344.00,332.00,403.00,120.00
123,313664,459523,-1024.00,68.00,-200.00,350.00,402.00,103.00
123,313838,459698,-1048.00,44.00,-104.00,365.00,406.00,82.00
123,314012,459873,-1072.00,40.00,-80.00,371.00,402.00,76.00
122,314186,460046,-1044.00,100.00,-36.00,368.00,407.00,77.00
122,314360,460221,-1076.00,44.00,-12.00,370.00,410.00,70.00
123,314532,460394,-1024.00,52.00,16.00,373.00,408.00,63.00
123,314704,460567,-1028.00,16.00,44.00,376.00,414.00,58.00
122,314877,460739,-1048.00,28.00,72.00,377.00,410.00,58.00
121,315048,460912,-1108.00,8.00,80.00,372.00,411.00,61.00
122,315220,461083,-1020.00,0.00,68.00,369.00,413.00,67.00
122,315393,461255,-1036.00,-4.00,-8.00,358.00,417.00,74.00
124,315566,461427,-1040.00,-36.00,80.00,349.00,420.00,80.00
122,315742,461601,-1096.00,-108.00,124.00,331.00,430.00,96.00
122,315918,461776,-1124.00,-212.00,-28.00,322.00,432.00,108.00
123,316093,461954,-1028.00,-20.00,28.00,312.00,415.00,144.00
121,316269,462128,-1040.00,-120.00,-32.00,285.00,416.00,166.00
120,316447,462305,-1040.00,-224.00,-108.00,264.00,427.00,168.00
121,316623,462482,-1020.00,-124.00,-64.00,264.00,425.00,168.00
121,316800,462659,-964.00,-164.00,-84.00,276.00,430.00,143.00
120,316974,462834,-1080.00,-212.00,8.00,291.00,430.00,135.00
122,317151,463009,-1076.00,-244.00,-12.00,287.00,432.00,137.00
124,317326,463186,-1076.00,-156.00,52.00,264.00,432.00,161.00
121,317503,463362,-1024.00,-236.00,-52.00,263.00,431.00,159.00
123,317677,463539,-1024.00,-260.00,0.00,262.00,436.00,158.00
122,317853,463713,-1020.00,-196.00,-4.00,274.00,436.00,150.00
120,318029,463889,-1084.00,-164.00,-80.00,293.00,431.00,137.00
121,318205,464065,-1044.00,-204.00,64.00,309.00,436.00,121.00
121,318381,464241,-1060.00,-128.00,32.00,306.00,443.00,109.00
121,318555,464416,-1072.00,-104.00,16.00,322.00,437.00,98.00
124,318730,464591,-1068.00,-124.00,72.00,335.00,431.00,94.00
122,318903,464765,-1028.00,-76.00,80.00,326.00,446.00,89.00
121,319077,464940,-1044.00,-76.00,92.00,318.00,456.00,88.00
123,319251,465113,-1012.00,-76.00,128.00,314.00,463.00,92.00
120,319426,465288,-1032.00,-112.00,96.00,313.00,466.00,96.00
121,319599,465462,-1048.00,-64.00,80.00,304.00,489.00,76.00
123,319773,465636,-1064.00,-92.00,124.00,302.00,494.00,76.00
123,319947,465810,-1104.00,-80.00,72.00,319.00,495.00,81.00
121,320121,465984,-1068.00,-136.00,88.00,344.00,502.00,77.00
124,320295,466158,-1104.00,-96.00,40.00,342.00,512.00,79.00
123,320470,466332,-1064.00,-112.00,32.00,339.00,521.00,84.00
123,320644,466506,-1032.00,-104.00,4.00,345.00,522.00,95.00
120,320818,466680,-1064.00,-92.00,36.00,346.00,531.00,108.00
122,320995,466854,-1028.00,-168.00,-32.00,337.00,539.00,107.00
122,321171,467032,-1092.00,-208.00,-56.00,315.00,560.00,110.00
122,321346,467209,-1020.00,-184.00,48.00,326.00,562.00,99.00
123,321520,467383,-1080.00,-216.00,28.00,316.00,570.00,89.00
121,321694,467558,-1084.00,-232.00,16.00,324.00,572.00,58.00
122,321869,467732,-1052.00,-196.00,64.00,340.00,570.00,50.00
123,322044,467907,-1052.00,-180.00,116.00,349.00,567.00,39.00
122,322220,468082,-1080.00,-184.00,84.00,348.00,565.00,41.00
123,322395,468257,-1044.00,-176.00,116.00,346.00,568.00,44.00
123,322570,468432,-1032.00,-196.00,76.00,333.00,570.00,47.00
124,322744,468608,-1052.00,-188.00,68.00,337.00,568.00,45.00
122,322919,468782,-1056.00,-192.00,76.00,339.00,569.00,45.00
123,323093,468957,-1060.00,-196.00,84.00,343.00,567.00,47.00
123,323267,469131,-1052.00,-192.00,84.00,343.00,567.00,48.00
122,323442,469306,-1064.00,-180.00,92.00,345.00,565.00,45.00
122,323616,469480,-1040.00,-184.00,92.00,343.00,568.00,46.00
123,323791,469655,-1056.00,-192.00,80.00,341.00,566.00,54.00
123,323965,469829,-1044.00,-192.00,76.00,342.00,562.00,57.00
123,324141,470004,-1040.00,-192.00,96.00,346.00,565.00,54.00
123,324315,470178,-1048.00,-180.00,80.00,344.00,564.00,53.00
123,324490,470353,-1048.00,-196.00,84.00,348.00,565.00,53.00
121,324664,470528,-1056.00,-168.00,72.00,347.00,560.00,54.00
122,324838,470703,-1044.00,-172.00,72.00,349.00,563.00,58.00
123,325013,470877,-1044.00,-176.00,84.00,351.00,564.00,52.00
122,325187,471052,-1040.00,-184.00,84.00,351.00,561.00,54.00
123,325362,471227,-1056.00,-176.00,88.00,352.00,561.00,53.00
122,325536,471401,-1044.00,-192.00,92.00,351.00,562.00,54.00
124,325711,471576,-1052.00,-172.00,88.00,350.00,562.00,53.00
124,325886,471750,-1056.00,-184.00,104.00,355.00,562.00,50.00
123,326063,471926,-1060.00,-164.00,104.00,354.00,561.00,54.00
123,326237,472101,-1056.00,-160.00,92.00,358.00,561.00,51.00
124,326413,472276,-1052.00,-172.00,100.00,357.00,559.00,50.00
124,326588,472452,-1044.00,-168.00,108.00,361.00,559.00,47.00
123,326763,472628,-1056.00,-172.00,100.00,359.00,561.00,42.00
123,326938,472803,-1064.00,-160.00,96.00,361.00,561.00,42.00
123,327113,472978,-1052.00,-164.00,108.00,361.00,558.00,41.00
123,327289,473153,-1056.00,-156.00,116.00,364.00,560.00,41.00
123,327464,473329,-1052.00,-160.00,112.00,362.00,557.00,36.00
123,327641,473504,-1048.00,-176.00,132.00,363.00,559.00,36.00
122,327816,473680,-1060.00,-144.00,148.00,363.00,557.00,28.00
123,327992,473856,-1052.00,-164.00,180.00,366.00,561.00,24.00
122,328167,474032,-1044.00,-180.00,112.00,362.00,557.00,32.00
122,328343,474208,-1064.00,-196.00,164.00,366.00,561.00,31.00
124,328518,474383,-1048.00,-156.00,116.00,367.00,560.00,36.00
122,328694,474559,-1048.00,-148.00,168.00,369.00,559.00,30.00
123,328869,474734,-1056.00,-140.00,144.00,371.00,557.00,31.00
123,329044,474910,-1048.00,-144.00,124.00,374.00,557.00,29.00
123,329221,475085,-1040.00,-140.00,140.00,372.00,557.00,35.00
123,329396,475261,-1060.00,-144.00,132.00,372.00,556.00,36.00
124,329572,475437,-1048.00,-152.00,132.00,371.00,554.00,34.00
124,329747,475613,-1052.00,-144.00,120.00,371.00,554.00,35.00
123,329923,475788,-1052.00,-144.00,128.00,371.00,556.00,35.00
124,330098,475964,-1052.00,-156.00,140.00,370.00,558.00,36.00
123,330274,476139,-1052.00,-156.00,128.00,370.00,554.00,38.00
124,330449,476315,-1048.00,-156.00,144.00,370.00,553.00,36.00
